# r	g(r)
0.0041617915	0.0000000000
0.0124853744	0.0000000000
0.0208089573	0.0000000000
0.0291325402	0.0000000000
0.0374561231	0.0000000000
0.0457797060	0.0000000000
0.0541032889	0.0000000000
0.0624268718	0.0000000000
0.0707504547	0.0000000000
0.0790740376	0.0000000000
0.0873976205	0.0000000000
0.0957212034	0.0000000000
0.1040447863	0.0000000000
0.1123683692	0.0000000000
0.1206919521	0.0000000000
0.1290155350	0.0000000000
0.1373391179	0.0000000000
0.1456627008	0.0000000000
0.1539862837	0.0000000000
0.1623098666	0.0000000000
0.1706334495	0.0000000000
0.1789570324	0.0000000000
0.1872806153	0.0000000000
0.1956041982	0.0000000000
0.2039277811	0.0000000000
0.2122513640	0.0000000000
0.2205749469	0.0000000000
0.2288985298	0.0000000000
0.2372221127	0.0000000000
0.2455456956	0.0000000000
0.2538692785	0.0000000000
0.2621928614	0.0000000000
0.2705164443	0.0000000000
0.2788400272	0.0000000000
0.2871636101	0.0000000000
0.2954871930	0.0000000000
0.3038107759	0.0000000000
0.3121343588	0.0000000000
0.3204579417	0.0000000000
0.3287815246	0.0000000000
0.3371051075	0.0000000000
0.3454286904	0.0000000000
0.3537522733	0.0000000000
0.3620758562	0.0000000000
0.3703994391	0.0000000000
0.3787230220	0.0000000000
0.3870466049	0.0000000000
0.3953701878	0.0000000000
0.4036937707	0.0000000000
0.4120173536	0.0000000000
0.4203409365	0.0000000000
0.4286645194	0.0000000000
0.4369881023	0.0000000000
0.4453116852	0.0000000000
0.4536352681	0.0000000000
0.4619588510	0.0000000000
0.4702824339	0.0000000000
0.4786060168	0.0000000000
0.4869295997	0.0000000000
0.4952531826	0.0000000000
0.5035767655	0.0000000000
0.5119003484	0.0000000000
0.5202239313	0.0000000000
0.5285475142	0.0000000000
0.5368710971	0.0000000000
0.5451946800	0.0000000000
0.5535182629	0.0000000000
0.5618418458	0.0000000000
0.5701654287	0.0000000000
0.5784890116	0.0000000000
0.5868125945	0.0000000000
0.5951361774	0.0000000000
0.6034597603	0.0000000000
0.6117833432	0.0000000000
0.6201069261	0.0000000000
0.6284305090	0.0000000000
0.6367540919	0.0000000000
0.6450776748	0.0000000000
0.6534012577	0.0000000000
0.6617248406	0.0000000000
0.6700484235	0.0000000000
0.6783720064	0.0000000000
0.6866955893	0.0000000000
0.6950191722	0.0000000000
0.7033427551	0.0000000000
0.7116663380	0.0000000000
0.7199899209	0.0000000000
0.7283135038	0.0000000000
0.7366370867	0.0000000000
0.7449606696	0.0000000000
0.7532842525	0.0000000000
0.7616078354	0.0000000000
0.7699314183	0.0000000000
0.7782550012	0.0000000000
0.7865785841	0.0000000000
0.7949021670	0.0000000000
0.8032257499	0.0000000000
0.8115493328	0.0000000000
0.8198729157	0.0000000000
0.8281964986	0.0000000000
0.8365200815	0.0000000000
0.8448436644	0.0000000000
0.8531672473	0.0000000000
0.8614908302	0.0000000000
0.8698144131	0.0000000000
0.8781379960	0.0000000000
0.8864615789	0.0000000000
0.8947851618	0.0000000000
0.9031087447	0.0000000000
0.9114323276	0.0000000000
0.9197559105	0.0000000000
0.9280794934	0.0000000000
0.9364030763	0.0000000000
0.9447266592	0.0000000000
0.9530502421	0.0000000000
0.9613738250	0.0000000000
0.9696974079	0.0000000000
0.9780209908	0.0000000000
0.9863445737	0.0000000000
0.9946681566	0.0000000000
1.0029917395	0.0000000000
1.0113153224	0.0000859410
1.0196389053	0.0016621697
1.0279624882	0.0039738158
1.0362860711	0.0148450186
1.0446096540	0.0308262942
1.0529332369	0.1321119142
1.0612568198	0.2341632716
1.0695804027	0.4086942400
1.0779039856	0.7053278216
1.0862275685	1.3563783819
1.0945511514	1.8712125897
1.1028747343	2.6920233087
1.1111983172	3.6206183420
1.1195219001	4.2960194071
1.1278454830	4.8706537240
1.1361690659	5.8246698329
1.1444926488	5.8349164617
1.1528162317	6.2730926694
1.1611398146	6.3596389896
1.1694633975	5.9643873802
1.1777869804	6.0283333949
1.1861105633	5.9183772006
1.1944341462	5.3883143768
1.2027577291	5.6167498363
1.2110813120	5.1472147202
1.2194048949	4.5222946516
1.2277284778	4.4325413191
1.2360520607	4.2390334901
1.2443756436	3.5982249592
1.2526992265	2.9956618994
1.2610228094	2.7778038394
1.2693463923	2.6648076812
1.2776699752	2.1051181806
1.2859935581	1.9056687055
1.2943171410	1.7171614676
1.3026407239	1.3912661109
1.3109643068	1.4120675978
1.3192878897	1.1999052037
1.3276114726	1.0334143487
1.3359350555	1.0752162577
1.3442586384	0.8441237717
1.3525822213	0.6318113478
1.3609058042	0.6299587879
1.3692293871	0.5639067047
1.3775529700	0.3843762546
1.3858765529	0.3635357829
1.3942001358	0.4414714388
1.4025237187	0.2757481063
1.4108473016	0.2267325914
1.4191708845	0.2271481908
1.4274944674	0.1363070462
1.4358180503	0.1896782053
1.4441416332	0.1723053257
1.4524652162	0.1252721024
1.4607887991	0.1631871415
1.4691123820	0.1810756199
1.4774359649	0.0552681922
1.4857595478	0.0769536926
1.4940831307	0.0461011384
1.5024067136	0.0376889507
1.5107302965	0.0313830362
1.5190538794	0.0633375973
1.5273774623	0.0232167234
1.5357010452	0.0489549452
1.5440246281	0.0100759487
1.5523482110	0.0141090748
1.5606717939	0.0105810596
1.5689953768	0.0101371662
1.5773189597	0.0084719375
1.5856425426	0.0052620272
1.5939661255	0.0062160272
1.6022897084	0.0040953691
1.6106132913	0.0031433431
1.6189368742	0.0008589684
1.6272604571	0.0003471710
1.6355840400	0.0007040932
1.6439076229	0.0001718277
1.6522312058	0.0011967343
1.6605547887	0.0006935053
1.6688783716	0.0018097445
1.6772019545	0.0002202372
1.6855255374	0.0009539454
1.6938491203	0.0006798738
1.7021727032	0.0005744286
1.7104962861	0.0005843363
1.7188198690	0.0013526348
1.7271434519	0.0009687004
1.7354670348	0.0013647003
1.7437906177	0.0012834237
1.7521142006	0.0008928885
1.7604377835	0.0019624726
1.7687613664	0.0028131532
1.7770849493	0.0063824800
1.7854085322	0.0074115124
1.7937321151	0.0090972369
1.8020556980	0.0121901794
1.8103792809	0.0156027422
1.8187028638	0.0222934375
1.8270264467	0.0202533545
1.8353500296	0.0291353246
1.8436736125	0.0480607265
1.8519971954	0.0735856067
1.8603207783	0.0943035536
1.8686443612	0.0834649139
1.8769679441	0.1155431891
1.8852915270	0.3061555283
1.8936151099	0.2173393400
1.9019386928	0.2714077434
1.9102622757	0.4234971742
1.9185858586	0.4508335936
1.9269094415	0.6461082828
1.9352330244	0.7724824726
1.9435566073	0.8279011344
1.9518801902	0.9805417534
1.9602037731	1.1230847694
1.9685273560	1.3436964068
1.9768509389	1.4992276981
1.9851745218	1.5854952527
1.9934981047	1.7068912577
2.0018216876	2.0925893502
2.0101452705	2.2773577585
2.0184688534	2.3394231922
2.0267924363	2.1528619770
2.0351160192	2.3506727599
2.0434396021	2.5026271658
2.0517631850	2.6736181206
2.0600867679	2.6468891877
2.0684103508	2.7663719815
2.0767339337	2.7335531643
2.0850575166	2.7827699069
2.0933810995	2.3944082897
2.1017046824	2.4665268754
2.1100282653	2.2442428255
2.1183518482	2.1219388615
2.1266754311	1.9823854666
2.1349990140	1.9712271427
2.1433225969	1.9077030048
2.1516461798	1.7106634324
2.1599697627	1.4279863427
2.1682933456	1.2565075092
2.1766169285	1.3110093376
2.1849405114	1.2665548241
2.1932640943	1.1980866534
2.2015876772	1.0324290475
2.2099112601	1.0669943027
2.2182348430	0.8837455987
2.2265584259	1.0259932517
2.2348820088	0.8950616636
2.2432055917	1.0792091874
2.2515291746	0.9221723110
2.2598527575	1.1660626137
2.2681763404	1.0611778402
2.2764999233	1.3085509270
2.2848235062	1.4128715893
2.2931470891	1.5338506251
2.3014706720	1.5435977955
2.3097942549	1.7312374522
2.3181178378	1.8250340690
2.3264414207	1.9768971691
2.3347650036	2.0051952985
2.3430885865	1.9085189369
2.3514121694	2.2318544760
2.3597357523	2.2447183162
2.3680593352	2.3555055064
2.3763829181	2.3495957759
2.3847065010	2.3819138019
2.3930300839	2.3086625100
2.4013536668	2.1258363863
2.4096772497	2.2037862766
2.4180008326	2.0625769534
2.4263244155	1.9809217983
2.4346479984	1.8387000725
2.4429715813	1.7217109703
2.4512951642	1.6304420322
2.4596187471	1.4489150513
2.4679423300	1.4776429318
2.4762659129	1.4348748667
2.4845894958	1.2570780154
2.4929130787	1.1131623816
2.5012366616	1.0577440005
2.5095602445	0.9754803948
2.5178838274	0.8701327926
2.5262074103	0.7737107399
2.5345309932	0.7496860422
2.5428545761	0.6544347543
2.5511781590	0.4688264740
2.5595017419	0.4732698108
2.5678253248	0.5183431890
2.5761489077	0.4431875828
2.5844724906	0.2959108466
2.5927960735	0.2839491975
2.6011196564	0.3005160153
2.6094432393	0.2059056614
2.6177668222	0.1748633870
2.6260904051	0.1542197822
2.6344139880	0.1298053724
2.6427375709	0.1081593238
2.6510611538	0.1203023989
2.6593847367	0.0768675939
2.6677083196	0.0531295559
2.6760319025	0.0578035959
2.6843554854	0.0534800037
2.6926790683	0.0385960568
2.7010026512	0.0329826842
2.7093262341	0.0235141787
2.7176498170	0.0346595370
2.7259733999	0.0104577769
2.7342969828	0.0118404371
2.7426205657	0.0108538044
2.7509441486	0.0261835730
2.7592677315	0.0038428473
2.7675913144	0.0029833815
2.7759148973	0.0029666083
2.7842384802	0.0026455771
2.7925620631	0.0017039955
2.8008856460	0.0013420784
2.8092092289	0.0030629383
2.8175328118	0.0036091424
2.8258563947	0.0042597766
2.8341799776	0.0036416092
2.8425035605	0.0039519976
2.8508271434	0.0037575363
2.8591507263	0.0038225932
2.8674743092	0.0086308057
2.8757978921	0.0105551691
2.8841214750	0.0140881903
2.8924450580	0.0202226045
2.9007686409	0.0329284844
2.9090922238	0.0405872190
2.9174158067	0.0703520505
2.9257393896	0.0811507344
2.9340629725	0.1036111457
2.9423865554	0.1188774131
2.9507101383	0.1829309369
2.9590337212	0.1755138843
2.9673573041	0.2907091844
2.9756808870	0.2973586381
2.9840044699	0.3511558575
2.9923280528	0.4655039815
3.0006516357	0.5664586945
3.0089752186	0.6348144725
3.0172988015	0.8328047645
3.0256223844	0.9621641199
3.0339459673	1.1138816894
3.0422695502	1.3056650642
3.0505931331	1.4976412169
3.0589167160	1.6191166395
3.0672402989	1.8055873978
3.0755638818	2.0561584176
3.0838874647	2.1007041761
3.0922110476	2.3344387810
3.1005346305	2.3092433771
3.1088582134	2.6312935312
3.1171817963	2.7933024284
3.1255053792	2.9614977102
3.1338289621	2.7686532809
3.1421525450	3.0200484124
3.1504761279	3.0983007712
3.1587997108	3.0140240196
3.1671232937	3.2549573901
3.1754468766	2.9581527360
3.1837704595	3.0992799890
3.1920940424	3.0151037211
3.2004176253	2.9725487679
3.2087412082	2.8325949459
3.2170647911	2.7809524750
3.2253883740	2.7326552030
3.2337119569	2.5151115260
3.2420355398	2.4556609249
3.2503591227	2.2853112695
3.2586827056	2.1620999866
3.2670062885	2.0666253981
3.2753298714	1.6845519412
3.2836534543	1.5267776070
3.2919770372	1.4819881442
3.3003006201	1.3407553336
3.3086242030	1.1805381197
3.3169477859	1.1382713924
3.3252713688	0.8722526216
3.3335949517	0.8805686915
3.3419185346	0.6768727828
3.3502421175	0.6656248337
3.3585657004	0.5260899318
3.3668892833	0.6252129460
3.3752128662	0.5051672289
3.3835364491	0.4713981244
3.3918600320	0.4201397286
3.4001836149	0.4362629395
3.4085071978	0.3912437057
3.4168307807	0.4173554447
3.4251543636	0.4277409587
3.4334779465	0.4908042219
3.4418015294	0.4327111634
3.4501251123	0.5058936871
3.4584486952	0.4868835476
3.4667722781	0.5916371368
3.4750958610	0.6820144022
3.4834194439	0.7515688616
3.4917430268	0.8156143564
3.5000666097	0.8517979784
3.5083901926	0.9707933916
3.5167137755	1.0363861200
3.5250373584	1.1121663947
3.5333609413	1.1122952726
3.5416845242	1.1142763263
3.5500081071	1.1937967721
3.5583316900	1.3340146621
3.5666552729	1.3585899725
3.5749788558	1.4760609760
3.5833024387	1.2557549832
3.5916260216	1.3457928367
3.5999496045	1.3152064755
3.6082731874	1.3497185956
3.6165967703	1.2655468143
3.6249203532	1.3217792817
3.6332439361	1.2144225055
3.6415675190	1.2098745541
3.6498911019	1.2636287404
3.6582146848	1.2162005718
3.6665382677	1.0273888712
3.6748618506	0.9755251960
3.6831854335	0.9702647602
3.6915090164	0.8864552974
3.6998325993	0.8184390253
3.7081561822	0.6730354569
3.7164797651	0.7554018764
3.7248033480	0.5693950202
3.7331269309	0.5411536356
3.7414505138	0.5083803150
3.7497740967	0.4814833327
3.7580976796	0.4098622654
3.7664212625	0.3204951112
3.7747448454	0.2802256992
3.7830684283	0.2443837422
3.7913920112	0.2534523376
3.7997155941	0.2243622134
3.8080391770	0.1267627374
3.8163627599	0.1374348192
3.8246863428	0.1041058917
3.8330099257	0.1297973394
3.8413335086	0.0913915116
3.8496570915	0.0964825567
3.8579806744	0.0551040534
3.8663042573	0.0572895950
3.8746278402	0.0377913679
3.8829514231	0.0558128959
3.8912750060	0.0418901857
3.8995985889	0.0570121970
3.9079221718	0.0431406810
3.9162457547	0.0474487641
3.9245693376	0.0510741936
3.9328929205	0.0872141849
3.9412165034	0.0997928500
3.9495400863	0.1164556197
3.9578636692	0.1737451096
3.9661872521	0.2440244820
3.9745108350	0.2258661879
3.9828344179	0.2398567000
3.9911580008	0.2726745333
3.9994815837	0.2979237021
4.0078051666	0.3845750653
4.0161287495	0.4405859299
4.0244523324	0.4624642352
4.0327759153	0.5442146544
4.0410994982	0.6282038150
4.0494230811	0.7240870725
4.0577466640	0.7944630106
4.0660702469	0.8659615879
4.0743938298	0.9224065450
4.0827174127	1.1070154741
4.0910409956	1.1621666910
4.0993645785	1.0672827615
4.1076881614	1.1835560937
4.1160117443	1.2206917040
4.1243353272	1.3824789529
4.1326589101	1.3807618214
4.1409824930	1.5867601577
4.1493060759	1.5240418707
4.1576296588	1.6463241144
