51	-2035.968
52	-2039.744
53	-2047.512
54	-2048.0
55	-2048.0
56	-2045.696
57	-2032.6
58	-2036.92
59	-2030.872
60	-2032.384
61	-2037.2
62	-2042.648
63	-2043.616
64	-2042.96
65	-2048.0
66	-2048.0
67	-2046.952
68	-2047.32
69	-2048.0
70	-2048.0
71	-2048.0
72	-2045.2
73	-2048.0
74	-2048.0
75	-2048.0
76	-2048.0
77	-2048.0
78	-2048.0
79	-2048.0
80	-2045.896
81	-2040.128
82	-2048.0
83	-2048.0
84	-2048.0
85	-2046.128
86	-2034.104
87	-2032.0
88	-2039.88
89	-2036.728
90	-2043.688
91	-2048.0
92	-2048.0
93	-2048.0
94	-2048.0
95	-2046.648
96	-2048.0
97	-2048.0
98	-2048.0
99	-2043.96
100	-2045.0
101	-2045.656
102	-2048.0
103	-2046.664
104	-2039.228
105	-2041.832
106	-2047.88
107	-2048.0
108	-2048.0
109	-2048.0
110	-2048.0
111	-2048.0
112	-2048.0
113	-2047.776
114	-2048.0
115	-2048.0
116	-2044.376
117	-2040.0
118	-2040.0
119	-2042.552
120	-2048.0
121	-2048.0
122	-2045.464
123	-2043.432
124	-2037.744
125	-2032.864
126	-2039.064
127	-2043.656
128	-2048.0
129	-2041.312
130	-2039.256
131	-2039.936
132	-2048.0
133	-2048.0
134	-2048.0
135	-2048.0
136	-2048.0
137	-2048.0
138	-2048.0
139	-2044.928
140	-2043.816
141	-2033.808
142	-2036.224
143	-2040.0
144	-2044.664
145	-2041.904
146	-2048.0
147	-2048.0
148	-2045.944
149	-2048.0
150	-2048.0
151	-2048.0
152	-2048.0
153	-2048.0
154	-2042.956
155	-2040.0
156	-2046.008
157	-2048.0
158	-2048.0
159	-2048.0
160	-2048.0
161	-2044.616
162	-2042.728
163	-2048.0
164	-2048.0
165	-2048.0
166	-2044.056
167	-2044.688
168	-2048.0
169	-2047.568
170	-2048.0
171	-2046.808
172	-2048.0
173	-2048.0
174	-2048.0
175	-2048.0
176	-2048.0
177	-2048.0
178	-2048.0
179	-2048.0
180	-2048.0
181	-2047.48
182	-2044.784
183	-2048.0
184	-2048.0
185	-2048.0
186	-2048.0
187	-2048.0
188	-2048.0
189	-2048.0
190	-2048.0
191	-2048.0
192	-2048.0
193	-2048.0
194	-2046.728
195	-2040.328
196	-2038.344
197	-2028.04
198	-2038.096
199	-2048.0
200	-2048.0


51	-2048.0
52	-2044.584
53	-2042.168
54	-2043.224
55	-2040.0
56	-2044.072
57	-2048.0
58	-2047.864
59	-2048.0
60	-2039.392
61	-2047.024
62	-2040.0
63	-2043.928
64	-2027.62
65	-2029.344
66	-2033.984
67	-2042.232
68	-2033.904
69	-2047.104
70	-2040.0
71	-2047.232
72	-2048.0
73	-2046.664
74	-2040.0
75	-2037.312
76	-2038.04
77	-2040.432
78	-2047.792
79	-2042.22
80	-2042.116
81	-2048.0
82	-2048.0
83	-2048.0
84	-2048.0
85	-2048.0
86	-2048.0
87	-2048.0
88	-2046.72
89	-2048.0
90	-2048.0
91	-2048.0
92	-2044.504
93	-2042.08
94	-2041.92
95	-2041.816
96	-2037.608
97	-2042.816
98	-2048.0
99	-2048.0
100	-2048.0
101	-2048.0
102	-2048.0
103	-2045.176
104	-2048.0
105	-2048.0
106	-2040.336
107	-2040.564
108	-2037.812
109	-2035.572
110	-2040.0
111	-2034.288
112	-2045.192
113	-2048.0
114	-2048.0
115	-2048.0
116	-2047.112
117	-2042.512
118	-2045.952
119	-2033.304
120	-2039.388
121	-2040.0
122	-2047.56
123	-2046.656
124	-2040.0
125	-2030.752
126	-2040.056
127	-2047.84
128	-2048.0
129	-2048.0
130	-2048.0
131	-2046.176
132	-2045.736
133	-2033.288
134	-2044.664
135	-2048.0
136	-2044.464
137	-2040.768
138	-2033.864
139	-2036.712
140	-2047.328
141	-2041.88
142	-2048.0
143	-2044.536
144	-2039.912
145	-2040.0
146	-2042.92
147	-2047.528
148	-2046.536
149	-2044.808
150	-2046.816
151	-2036.208
152	-2040.0
153	-2039.752
154	-2031.736
155	-2032.208
156	-2040.0
157	-2040.0
158	-2038.072
159	-2037.636
160	-2039.368
161	-2040.0
162	-2040.0
163	-2045.824
164	-2048.0
165	-2048.0
166	-2048.0
167	-2032.04
168	-2029.544
169	-2033.424
170	-2034.64
171	-2044.888
172	-2048.0
173	-2035.04
174	-2030.688
175	-2025.156
176	-2027.912
177	-2033.52
178	-2033.48
179	-2039.232
180	-2041.232
181	-2043.048
182	-2045.0
183	-2038.944
184	-2040.0
185	-2040.0
186	-2040.0
187	-2041.168
188	-2046.944
189	-2045.024
190	-2035.8
191	-2044.596
192	-2035.14
193	-2045.464
194	-2040.136
195	-2032.488
196	-2041.504
197	-2048.0
198	-2046.168
199	-2042.48
200	-2048.0


51	-2039.528
52	-2035.912
53	-2040.888
54	-2045.392
55	-2048.0
56	-2047.8
57	-2039.336
58	-2045.824
59	-2038.952
60	-2040.0
61	-2036.368
62	-2040.0
63	-2030.416
64	-2040.68
65	-2048.0
66	-2048.0
67	-2048.0
68	-2048.0
69	-2045.28
70	-2040.0
71	-2042.776
72	-2046.76
73	-2039.528
74	-2033.936
75	-2035.952
76	-2022.548
77	-2033.464
78	-2036.872
79	-2028.76
80	-2023.924
81	-2039.384
82	-2035.816
83	-2036.336
84	-2046.216
85	-2048.0
86	-2038.696
87	-2029.296
88	-2045.304
89	-2037.84
90	-2036.584
91	-2029.568
92	-2029.984
93	-2024.328
94	-2034.704
95	-2044.848
96	-2041.52
97	-2047.24
98	-2045.128
99	-2047.392
100	-2047.664
101	-2040.616
102	-2038.888
103	-2046.08
104	-2046.176
105	-2048.0
106	-2037.392
107	-2026.176
108	-2027.008
109	-2031.384
110	-2035.556
111	-2028.904
112	-2034.112
113	-2038.824
114	-2024.28
115	-2017.06
116	-2019.536
117	-2032.824
118	-2028.628
119	-2035.308
120	-2045.752
121	-2043.048
122	-2038.912
123	-2034.228
124	-2032.08
125	-2029.624
126	-2018.364
127	-2029.528
128	-2032.904
129	-2031.44
130	-2033.408
131	-2041.192
132	-2035.444
133	-2028.272
134	-2026.844
135	-2032.496
136	-2041.496
137	-2036.836
138	-2030.484
139	-2037.528
140	-2030.936
141	-2042.448
142	-2040.352
143	-2037.812
144	-2048.0
145	-2042.232
146	-2048.0
147	-2044.464
148	-2043.856
149	-2040.0
150	-2044.328
151	-2047.664
152	-2043.984
153	-2047.664
154	-2036.972
155	-2036.024
156	-2032.0
157	-2031.008
158	-2046.88
159	-2048.0
160	-2044.888
161	-2047.296
162	-2040.0
163	-2043.24
164	-2048.0
165	-2044.568
166	-2036.76
167	-2042.328
168	-2031.552
169	-2042.536
170	-2041.848
171	-2045.952
172	-2045.056
173	-2028.152
174	-2029.616
175	-2031.88
176	-2029.256
177	-2035.912
178	-2041.48
179	-2029.472
180	-2031.904
181	-2012.648
182	-2001.496
183	-2017.116
184	-2037.76
185	-2016.64
186	-2025.288
187	-2036.92
188	-2034.304
189	-2041.344
190	-2039.048
191	-2031.112
192	-2038.168
193	-2045.0
194	-2047.584
195	-2047.272
196	-2045.936
197	-2048.0
198	-2042.2
199	-2033.976
200	-2019.632


51	-2024.288
52	-2037.696
53	-2036.392
54	-2023.004
55	-2029.12
56	-2024.656
57	-1996.116
58	-2010.32
59	-2024.384
60	-2025.62
61	-2030.696
62	-2032.608
63	-2017.592
64	-2012.012
65	-2012.468
66	-2020.192
67	-2020.116
68	-2021.552
69	-2029.08
70	-2017.344
71	-2028.928
72	-2030.904
73	-2031.8
74	-2045.944
75	-2048.0
76	-2048.0
77	-2043.232
78	-2031.624
79	-2032.656
80	-2018.08
81	-2027.928
82	-2015.976
83	-2021.348
84	-2024.296
85	-2021.924
86	-2021.4
87	-2024.704
88	-2031.488
89	-2025.816
90	-2019.472
91	-2025.848
92	-2029.044
93	-2023.432
94	-2021.72
95	-2019.776
96	-2022.608
97	-2031.84
98	-2016.42
99	-2002.284
100	-2016.212
101	-2026.888
102	-2030.88
103	-2026.88
104	-2011.584
105	-2003.7
106	-2006.816
107	-2003.48
108	-2006.016
109	-2020.992
110	-2018.636
111	-2006.968
112	-2019.124
113	-2018.692
114	-2020.768
115	-2023.536
116	-1999.552
117	-2004.076
118	-2025.888
119	-2019.216
120	-1992.884
121	-2001.484
122	-2017.304
123	-2017.492
124	-2019.752
125	-2033.352
126	-2032.416
127	-2020.368
128	-2038.576
129	-2041.868
130	-2028.46
131	-2037.512
132	-2039.04
133	-2037.68
134	-2032.12
135	-2035.4
136	-2018.432
137	-2014.0
138	-2022.096
139	-2021.968
140	-2026.34
141	-2028.152
142	-2039.344
143	-2044.672
144	-2038.192
145	-2022.152
146	-2019.748
147	-2028.956
148	-2030.672
149	-2033.24
150	-2027.352
151	-2021.624
152	-2030.12
153	-2039.336
154	-2035.56
155	-2030.256
156	-2037.872
157	-2048.0
158	-2048.0
159	-2045.608
160	-2044.8
161	-2029.0
162	-2019.852
163	-2021.348
164	-2034.448
165	-2030.064
166	-2038.632
167	-2037.736
168	-2042.416
169	-2040.0
170	-2033.248
171	-2034.216
172	-2034.608
173	-2028.048
174	-2016.02
175	-2010.0
176	-2029.4
177	-2030.376
178	-2045.68
179	-2047.84
180	-2036.056
181	-2040.44
182	-2046.816
183	-2042.168
184	-2029.56
185	-2022.048
186	-2009.7
187	-2006.12
188	-2022.936
189	-2033.532
190	-2026.576
191	-2019.368
192	-2023.04
193	-2028.072
194	-2028.352
195	-2028.256
196	-2008.396
197	-2019.12
198	-2024.272
199	-2031.152
200	-2033.672


51	-2018.944
52	-2007.94
53	-1996.492
54	-1995.7
55	-1983.384
56	-1988.064
57	-1978.588
58	-1987.504
59	-2011.4
60	-2010.8
61	-2019.152
62	-2015.96
63	-2023.82
64	-2005.916
65	-1995.28
66	-1986.908
67	-1985.784
68	-1995.476
69	-2008.268
70	-2016.832
71	-2030.08
72	-2040.976
73	-2039.512
74	-2026.344
75	-2008.576
76	-2007.724
77	-2008.6
78	-2026.156
79	-2023.992
80	-2018.144
81	-2012.06
82	-2025.58
83	-2011.68
84	-2015.628
85	-1998.788
86	-2020.92
87	-2010.576
88	-2018.736
89	-2005.78
90	-2001.04
91	-2014.416
92	-2011.944
93	-2016.772
94	-2033.16
95	-2027.784
96	-2037.024
97	-2037.856
98	-2034.224
99	-2020.64
100	-2009.416
101	-2029.524
102	-2034.968
103	-2030.064
104	-2030.096
105	-2028.904
106	-2024.908
107	-2024.816
108	-2032.488
109	-2033.92
110	-2015.576
111	-1999.924
112	-2009.528
113	-1989.192
114	-2004.228
115	-1996.088
116	-2004.0
117	-2007.972
118	-2025.4
119	-2010.032
120	-2012.98
121	-2009.188
122	-2015.28
123	-2018.428
124	-2018.868
125	-2002.736
126	-2024.232
127	-2019.896
128	-2021.752
129	-2031.944
130	-2038.136
131	-2033.152
132	-2017.016
133	-2017.048
134	-2028.064
135	-2041.832
136	-2025.432
137	-2030.42
138	-2012.888
139	-2007.524
140	-2015.424
141	-2008.068
142	-2009.348
143	-1999.936
144	-2003.408
145	-2026.448
146	-2036.516
147	-2036.752
148	-2031.816
149	-2031.504
150	-2040.396
151	-2035.592
152	-2041.208
153	-2024.84
154	-2018.348
155	-2013.94
156	-2026.576
157	-2023.304
158	-2011.536
159	-2017.18
160	-2002.592
161	-1969.872
162	-1989.444
163	-1990.868
164	-1969.628
165	-1997.816
166	-2007.992
167	-1979.608
168	-1977.936
169	-1978.476
170	-2004.032
171	-2023.164
172	-2035.864
173	-2042.86
174	-2037.44
175	-2035.664
176	-2031.44
177	-2035.464
178	-2040.944
179	-2036.376
180	-2023.196
181	-2014.212
182	-1999.196
183	-1990.264
184	-1999.792
185	-1999.248
186	-2014.572
187	-2024.776
188	-2018.888
189	-2016.336
190	-2024.44
191	-2027.108
192	-1990.74
193	-1987.772
194	-2004.296
195	-1996.2
196	-2002.916
197	-2003.392
198	-2007.248
199	-2019.32
200	-2009.908


51	-2001.376
52	-2015.672
53	-2021.04
54	-2009.84
55	-2018.5
56	-2006.992
57	-1997.46
58	-1997.42
59	-2000.908
60	-2007.092
61	-2017.232
62	-1998.936
63	-2014.048
64	-2014.932
65	-1980.588
66	-1958.036
67	-1943.644
68	-1976.404
69	-1974.324
70	-1978.812
71	-2005.552
72	-2017.808
73	-2004.812
74	-1977.516
75	-1968.072
76	-2006.756
77	-2014.716
78	-2004.72
79	-1999.14
80	-2001.82
81	-2006.236
82	-1985.376
83	-1972.44
84	-1987.772
85	-1991.376
86	-2012.08
87	-2017.572
88	-2010.336
89	-1998.552
90	-2000.648
91	-2016.868
92	-2007.852
93	-2014.304
94	-2007.156
95	-1996.32
96	-1994.324
97	-1993.72
98	-2014.88
99	-2017.708
100	-1993.316
101	-1989.968
102	-1990.868
103	-1998.244
104	-2013.36
105	-2030.288
106	-2010.444
107	-1998.188
108	-1997.124
109	-1995.912
110	-2001.704
111	-1996.868
112	-2005.676
113	-2014.168
114	-2025.128
115	-2012.76
116	-2011.468
117	-1990.736
118	-1989.816
119	-1985.916
120	-1968.452
121	-1999.384
122	-2006.16
123	-2025.176
124	-1984.088
125	-1977.156
126	-2010.508
127	-2008.28
128	-2000.604
129	-1983.092
130	-1993.216
131	-1974.816
132	-1991.56
133	-2012.5
134	-2006.86
135	-1981.88
136	-1983.124
137	-1966.92
138	-1991.4
139	-2006.728
140	-2010.78
141	-1996.948
142	-1991.568
143	-2000.504
144	-2001.408
145	-2025.696
146	-2034.384
147	-2014.352
148	-2005.968
149	-2010.24
150	-2014.284
151	-2013.912
152	-2010.06
153	-2003.072
154	-2001.736
155	-1977.824
156	-2010.88
157	-2004.996
158	-2005.204
159	-1975.476
160	-1986.888
161	-2009.4
162	-1971.84
163	-1968.636
164	-1989.768
165	-1996.912
166	-1986.704
167	-2030.056
168	-2037.064
169	-2035.416
170	-2010.312
171	-2015.388
172	-2001.392
173	-2004.024
174	-2014.08
175	-1985.104
176	-1991.944
177	-1979.168
178	-1994.168
179	-2004.52
180	-2008.264
181	-2008.064
182	-2012.76
183	-2012.796
184	-2012.956
185	-2011.448
186	-1997.292
187	-1998.984
188	-2011.084
189	-1986.188
190	-1989.528
191	-1994.088
192	-1991.876
193	-1988.776
194	-1984.432
195	-2013.08
196	-2027.88
197	-2042.408
198	-2026.164
199	-2025.876
200	-2015.2


51	-1996.832
52	-1989.884
53	-1959.268
54	-1939.672
55	-1945.564
56	-1947.02
57	-1953.16
58	-1951.888
59	-1943.0
60	-1949.308
61	-1943.272
62	-1981.12
63	-1970.004
64	-1952.928
65	-1992.18
66	-1981.46
67	-1989.64
68	-1969.588
69	-1956.996
70	-1935.316
71	-1913.036
72	-1918.728
73	-1939.948
74	-1963.756
75	-1977.04
76	-2000.844
77	-2011.144
78	-1993.504
79	-2000.672
80	-1974.868
81	-1980.284
82	-1994.904
83	-2009.18
84	-1978.908
85	-1956.528
86	-1977.832
87	-1987.956
88	-1995.488
89	-1969.712
90	-1957.192
91	-1980.192
92	-1971.072
93	-1962.588
94	-1959.0
95	-1922.504
96	-1964.448
97	-1965.988
98	-2000.036
99	-2002.08
100	-1997.836
101	-1994.312
102	-2000.796
103	-1990.504
104	-2004.668
105	-2015.352
106	-1987.524
107	-1981.128
108	-1972.968
109	-1945.696
110	-1904.06
111	-1912.776
112	-1938.32
113	-1946.64
114	-1976.544
115	-1964.936
116	-1982.58
117	-1991.736
118	-1966.672
119	-1969.112
120	-1946.356
121	-1954.548
122	-1946.144
123	-1951.8
124	-1956.704
125	-1971.292
126	-1968.904
127	-1989.524
128	-1984.94
129	-1961.512
130	-1933.592
131	-1934.024
132	-1913.432
133	-1943.236
134	-1935.764
135	-1934.98
136	-1939.676
137	-1924.008
138	-1933.072
139	-1977.096
140	-1967.192
141	-1972.356
142	-1985.132
143	-1984.1
144	-1992.552
145	-1988.568
146	-1983.764
147	-1982.936
148	-1967.688
149	-1959.884
150	-1935.624
151	-1908.68
152	-1897.048
153	-1938.58
154	-1966.472
155	-1928.8
156	-1944.5
157	-1981.928
158	-1959.748
159	-1959.192
160	-1961.684
161	-1957.568
162	-1958.6
163	-1973.22
164	-1968.336
165	-1975.868
166	-1991.972
167	-1984.356
168	-1978.112
169	-1985.6
170	-1969.06
171	-1977.392
172	-1953.456
173	-1968.012
174	-1954.012
175	-1961.344
176	-1983.228
177	-2018.28
178	-2001.224
179	-2007.72
180	-1990.592
181	-1980.744
182	-1985.612
183	-2010.9
184	-1978.204
185	-1956.732
186	-1982.528
187	-1979.468
188	-1987.28
189	-2002.708
190	-1977.848
191	-2002.032
192	-1972.592
193	-1988.764
194	-1987.796
195	-1985.348
196	-1976.524
197	-1977.308
198	-1977.944
199	-1970.1
200	-1945.396


51	-1943.62
52	-1949.58
53	-1958.432
54	-1966.82
55	-1964.908
56	-1956.968
57	-1969.708
58	-1959.552
59	-1943.02
60	-1935.268
61	-1948.54
62	-1928.468
63	-1948.236
64	-1936.008
65	-1931.064
66	-1935.592
67	-1937.132
68	-1946.36
69	-1924.096
70	-1939.192
71	-1938.696
72	-1951.124
73	-1958.724
74	-1961.404
75	-1960.652
76	-1954.24
77	-1962.58
78	-1919.384
79	-1891.44
80	-1906.28
81	-1934.772
82	-1945.576
83	-1924.628
84	-1937.908
85	-1934.188
86	-1895.356
87	-1928.92
88	-1931.668
89	-1943.536
90	-1963.02
91	-1979.476
92	-1998.752
93	-1962.124
94	-1926.476
95	-1938.376
96	-1934.812
97	-1964.712
98	-1946.34
99	-1972.036
100	-1971.152
101	-1957.3
102	-1944.956
103	-1967.176
104	-1973.56
105	-1934.2
106	-1924.856
107	-1938.556
108	-1928.22
109	-1926.936
110	-1919.784
111	-1902.776
112	-1874.844
113	-1890.312
114	-1931.348
115	-1909.036
116	-1914.2
117	-1950.98
118	-1935.832
119	-1935.888
120	-1921.096
121	-1922.764
122	-1939.44
123	-1893.212
124	-1907.084
125	-1933.236
126	-1925.936
127	-1935.744
128	-1956.016
129	-1955.96
130	-1911.52
131	-1942.12
132	-1952.06
133	-1943.276
134	-1898.336
135	-1930.52
136	-1967.984
137	-1979.052
138	-1967.132
139	-1977.936
140	-1985.468
141	-1983.184
142	-1980.224
143	-1957.116
144	-1913.512
145	-1913.96
146	-1922.448
147	-1953.832
148	-1932.884
149	-1897.2
150	-1868.34
151	-1902.692
152	-1904.52
153	-1944.864
154	-1907.728
155	-1908.64
156	-1895.632
157	-1912.864
158	-1955.512
159	-1941.676
160	-1950.32
161	-1930.024
162	-1935.008
163	-1924.1
164	-1903.02
165	-1925.98
166	-1921.124
167	-1935.7
168	-1938.256
169	-1873.868
170	-1909.004
171	-1961.892
172	-1943.8
173	-1964.732
174	-1957.568
175	-1937.728
176	-1922.256
177	-1929.388
178	-1932.308
179	-1935.004
180	-1913.568
181	-1911.052
182	-1892.18
183	-1890.932
184	-1924.404
185	-1976.056
186	-1946.536
187	-1947.108
188	-1922.004
189	-1942.056
190	-1955.352
191	-1967.592
192	-1999.744
193	-1998.984
194	-1964.5
195	-1961.524
196	-2002.14
197	-1986.736
198	-1944.068
199	-1909.568
200	-1923.396


51	-1908.308
52	-1861.056
53	-1873.904
54	-1913.64
55	-1922.044
56	-1908.772
57	-1916.556
58	-1925.036
59	-1865.764
60	-1853.244
61	-1881.08
62	-1825.292
63	-1824.696
64	-1876.408
65	-1869.392
66	-1899.492
67	-1924.444
68	-1880.512
69	-1912.996
70	-1915.932
71	-1892.068
72	-1935.872
73	-1960.944
74	-1950.016
75	-1972.568
76	-1971.152
77	-1922.196
78	-1951.416
79	-1884.612
80	-1893.2
81	-1868.028
82	-1873.748
83	-1906.904
84	-1908.12
85	-1898.248
86	-1875.424
87	-1901.34
88	-1905.148
89	-1900.82
90	-1880.988
91	-1843.76
92	-1864.6
93	-1829.876
94	-1805.82
95	-1821.988
96	-1852.576
97	-1892.2
98	-1907.876
99	-1957.088
100	-1965.452
101	-1925.86
102	-1881.472
103	-1867.204
104	-1862.672
105	-1897.26
106	-1932.96
107	-1918.22
108	-1919.1
109	-1875.404
110	-1853.896
111	-1832.28
112	-1851.34
113	-1855.144
114	-1833.008
115	-1816.928
116	-1848.116
117	-1830.92
118	-1815.036
119	-1856.948
120	-1831.344
121	-1867.136
122	-1885.628
123	-1845.032
124	-1890.408
125	-1854.912
126	-1901.824
127	-1897.08
128	-1867.6
129	-1895.076
130	-1918.228
131	-1947.66
132	-1939.072
133	-1950.036
134	-1951.212
135	-1950.596
136	-1880.412
137	-1881.216
138	-1848.692
139	-1846.576
140	-1913.56
141	-1908.988
142	-1883.348
143	-1898.632
144	-1924.06
145	-1897.608
146	-1847.36
147	-1853.108
148	-1871.408
149	-1883.72
150	-1902.06
151	-1934.104
152	-1909.104
153	-1883.932
154	-1866.288
155	-1875.576
156	-1874.404
157	-1897.856
158	-1915.28
159	-1940.384
160	-1892.096
161	-1834.14
162	-1822.888
163	-1871.22
164	-1892.168
165	-1912.704
166	-1939.888
167	-1937.228
168	-1934.0
169	-1926.204
170	-1901.676
171	-1871.776
172	-1890.992
173	-1919.924
174	-1952.984
175	-1971.016
176	-1906.24
177	-1902.892
178	-1882.36
179	-1901.752
180	-1901.128
181	-1939.656
182	-1937.1
183	-1918.524
184	-1931.988
185	-1909.708
186	-1921.144
187	-1930.836
188	-1937.42
189	-1945.156
190	-1936.856
191	-1893.872
192	-1910.984
193	-1883.004
194	-1859.828
195	-1849.312
196	-1803.38
197	-1849.06
198	-1805.864
199	-1788.224
200	-1838.784


51	-1842.852
52	-1802.992
53	-1836.848
54	-1880.544
55	-1855.932
56	-1824.496
57	-1850.476
58	-1855.716
59	-1873.128
60	-1895.96
61	-1912.912
62	-1907.92
63	-1875.668
64	-1866.152
65	-1823.272
66	-1772.484
67	-1816.48
68	-1842.94
69	-1879.708
70	-1900.396
71	-1875.5
72	-1890.516
73	-1853.784
74	-1805.372
75	-1825.424
76	-1863.5
77	-1842.896
78	-1842.096
79	-1822.004
80	-1855.136
81	-1882.588
82	-1896.964
83	-1873.256
84	-1882.216
85	-1890.68
86	-1876.02
87	-1877.844
88	-1884.204
89	-1875.716
90	-1875.152
91	-1878.32
92	-1881.792
93	-1924.668
94	-1927.996
95	-1909.42
96	-1857.696
97	-1846.996
98	-1853.9
99	-1869.92
100	-1902.348
101	-1850.112
102	-1834.316
103	-1846.748
104	-1890.988
105	-1896.292
106	-1858.908
107	-1853.96
108	-1827.844
109	-1859.616
110	-1839.436
111	-1805.004
112	-1805.932
113	-1841.828
114	-1829.38
115	-1792.536
116	-1797.94
117	-1803.82
118	-1816.536
119	-1853.188
120	-1864.016
121	-1859.696
122	-1865.112
123	-1888.416
124	-1925.544
125	-1913.392
126	-1870.54
127	-1878.2
128	-1862.76
129	-1815.02
130	-1797.748
131	-1817.664
132	-1774.888
133	-1819.98
134	-1827.08
135	-1849.976
136	-1861.392
137	-1857.548
138	-1849.664
139	-1851.484
140	-1849.14
141	-1882.356
142	-1882.692
143	-1885.492
144	-1835.2
145	-1844.944
146	-1832.528
147	-1797.46
148	-1808.464
149	-1818.072
150	-1866.952
151	-1879.624
152	-1871.308
153	-1900.06
154	-1886.772
155	-1863.652
156	-1805.332
157	-1824.344
158	-1839.888
159	-1874.412
160	-1871.46
161	-1847.416
162	-1863.124
163	-1853.544
164	-1872.496
165	-1881.264
166	-1870.208
167	-1896.54
168	-1867.032
169	-1880.528
170	-1862.72
171	-1849.22
172	-1850.504
173	-1864.688
174	-1839.588
175	-1834.912
176	-1866.852
177	-1896.172
178	-1869.692
179	-1884.316
180	-1880.788
181	-1885.824
182	-1883.208
183	-1887.392
184	-1854.144
185	-1900.532
186	-1919.132
187	-1883.308
188	-1899.528
189	-1881.32
190	-1883.752
191	-1885.676
192	-1880.04
193	-1871.476
194	-1874.908
195	-1871.636
196	-1835.312
197	-1853.488
198	-1875.492
199	-1808.804
200	-1839.644


51	-1785.852
52	-1777.644
53	-1788.552
54	-1784.016
55	-1778.864
56	-1806.556
57	-1914.472
58	-1905.932
59	-1849.648
60	-1795.704
61	-1804.68
62	-1783.744
63	-1751.856
64	-1763.344
65	-1795.428
66	-1782.528
67	-1802.632
68	-1778.616
69	-1781.964
70	-1784.164
71	-1755.66
72	-1755.524
73	-1734.868
74	-1753.352
75	-1729.992
76	-1731.84
77	-1747.7
78	-1833.0
79	-1845.488
80	-1833.916
81	-1836.836
82	-1767.968
83	-1738.68
84	-1788.736
85	-1781.4
86	-1741.116
87	-1745.064
88	-1771.62
89	-1842.748
90	-1856.148
91	-1828.252
92	-1860.0
93	-1878.004
94	-1873.192
95	-1813.492
96	-1793.352
97	-1784.324
98	-1775.76
99	-1735.136
100	-1742.604
101	-1737.528
102	-1738.676
103	-1795.608
104	-1807.548
105	-1803.272
106	-1857.472
107	-1857.84
108	-1801.672
109	-1797.252
110	-1787.556
111	-1742.504
112	-1832.424
113	-1839.124
114	-1853.668
115	-1833.928
116	-1840.364
117	-1885.024
118	-1862.212
119	-1839.024
120	-1821.5
121	-1792.436
122	-1801.456
123	-1809.004
124	-1828.656
125	-1843.704
126	-1755.504
127	-1752.984
128	-1745.04
129	-1679.088
130	-1675.62
131	-1753.796
132	-1788.228
133	-1770.02
134	-1789.356
135	-1755.08
136	-1783.204
137	-1792.924
138	-1810.7
139	-1770.456
140	-1757.62
141	-1787.452
142	-1809.008
143	-1758.7
144	-1755.828
145	-1696.32
146	-1726.592
147	-1759.152
148	-1705.832
149	-1695.324
150	-1721.936
151	-1721.968
152	-1729.652
153	-1736.684
154	-1697.86
155	-1742.916
156	-1702.148
157	-1721.108
158	-1711.78
159	-1752.316
160	-1760.168
161	-1768.304
162	-1765.152
163	-1805.792
164	-1768.14
165	-1819.5
166	-1746.92
167	-1736.908
168	-1773.292
169	-1762.556
170	-1751.516
171	-1797.484
172	-1822.9
173	-1729.336
174	-1787.556
175	-1790.432
176	-1758.76
177	-1750.676
178	-1744.644
179	-1732.376
180	-1715.592
181	-1752.032
182	-1778.304
183	-1872.664
184	-1846.476
185	-1851.568
186	-1871.596
187	-1857.672
188	-1866.18
189	-1834.84
190	-1793.884
191	-1805.096
192	-1836.96
193	-1824.276
194	-1764.08
195	-1764.556
196	-1798.416
197	-1829.2
198	-1824.324
199	-1854.88
200	-1874.02


51	-1743.424
52	-1744.5
53	-1717.528
54	-1676.776
55	-1621.116
56	-1639.764
57	-1669.524
58	-1660.524
59	-1634.168
60	-1668.584
61	-1720.804
62	-1680.324
63	-1640.372
64	-1713.696
65	-1685.14
66	-1652.468
67	-1639.696
68	-1680.644
69	-1661.808
70	-1619.132
71	-1605.864
72	-1657.884
73	-1663.996
74	-1693.696
75	-1707.668
76	-1716.2
77	-1672.152
78	-1698.708
79	-1703.148
80	-1705.156
81	-1736.96
82	-1724.572
83	-1683.584
84	-1707.024
85	-1755.628
86	-1742.848
87	-1746.592
88	-1776.56
89	-1760.624
90	-1726.136
91	-1731.836
92	-1740.016
93	-1731.872
94	-1738.628
95	-1749.6
96	-1694.656
97	-1730.86
98	-1760.4
99	-1768.64
100	-1745.128
101	-1728.156
102	-1758.048
103	-1741.972
104	-1703.288
105	-1710.728
106	-1711.416
107	-1761.732
108	-1800.228
109	-1752.904
110	-1732.256
111	-1696.076
112	-1695.828
113	-1663.34
114	-1648.16
115	-1650.028
116	-1677.636
117	-1739.296
118	-1766.248
119	-1753.804
120	-1745.508
121	-1736.9
122	-1775.308
123	-1766.288
124	-1780.4
125	-1745.892
126	-1737.86
127	-1708.324
128	-1692.812
129	-1727.608
130	-1684.46
131	-1720.348
132	-1738.588
133	-1780.784
134	-1810.332
135	-1755.636
136	-1702.844
137	-1725.724
138	-1707.94
139	-1690.432
140	-1621.88
141	-1623.836
142	-1676.32
143	-1699.78
144	-1778.4
145	-1748.692
146	-1741.964
147	-1736.496
148	-1747.104
149	-1705.564
150	-1723.476
151	-1720.68
152	-1735.624
153	-1760.896
154	-1699.676
155	-1708.448
156	-1680.056
157	-1697.788
158	-1673.232
159	-1716.716
160	-1716.092
161	-1717.748
162	-1740.12
163	-1682.948
164	-1700.068
165	-1732.924
166	-1750.64
167	-1741.664
168	-1778.516
169	-1785.348
170	-1739.976
171	-1733.688
172	-1685.12
173	-1707.34
174	-1700.3
175	-1694.204
176	-1710.62
177	-1695.06
178	-1645.476
179	-1700.224
180	-1735.548
181	-1679.116
182	-1657.172
183	-1718.796
184	-1649.748
185	-1621.36
186	-1716.628
187	-1755.008
188	-1730.608
189	-1755.96
190	-1762.664
191	-1795.396
192	-1764.468
193	-1741.492
194	-1743.652
195	-1725.168
196	-1734.628
197	-1696.692
198	-1608.376
199	-1656.224
200	-1673.648


51	-1582.296
52	-1526.12
53	-1558.912
54	-1586.74
55	-1589.808
56	-1656.808
57	-1638.772
58	-1622.668
59	-1663.372
60	-1626.12
61	-1616.556
62	-1578.26
63	-1603.596
64	-1619.676
65	-1647.712
66	-1644.74
67	-1621.26
68	-1576.088
69	-1612.08
70	-1663.168
71	-1709.284
72	-1649.708
73	-1623.552
74	-1630.592
75	-1648.024
76	-1651.388
77	-1634.136
78	-1672.204
79	-1656.788
80	-1680.468
81	-1698.916
82	-1670.348
83	-1608.436
84	-1617.048
85	-1629.088
86	-1594.632
87	-1545.44
88	-1589.54
89	-1615.928
90	-1642.024
91	-1677.044
92	-1672.06
93	-1708.96
94	-1655.504
95	-1653.0
96	-1627.508
97	-1572.716
98	-1621.008
99	-1665.988
100	-1666.892
101	-1645.212
102	-1641.348
103	-1593.368
104	-1599.476
105	-1668.796
106	-1671.996
107	-1629.3
108	-1642.532
109	-1623.368
110	-1668.656
111	-1701.708
112	-1678.956
113	-1643.676
114	-1644.796
115	-1644.06
116	-1623.928
117	-1547.8
118	-1447.48
119	-1466.82
120	-1517.676
121	-1556.84
122	-1564.68
123	-1606.608
124	-1604.004
125	-1514.928
126	-1507.888
127	-1518.836
128	-1522.436
129	-1538.64
130	-1577.316
131	-1556.4
132	-1538.26
133	-1556.94
134	-1564.116
135	-1513.34
136	-1483.592
137	-1540.892
138	-1549.12
139	-1572.3
140	-1570.028
141	-1545.272
142	-1539.316
143	-1529.984
144	-1507.48
145	-1513.052
146	-1505.952
147	-1549.636
148	-1541.244
149	-1590.004
150	-1559.448
151	-1550.844
152	-1520.612
153	-1563.744
154	-1501.268
155	-1510.152
156	-1509.256
157	-1483.776
158	-1481.72
159	-1466.956
160	-1507.516
161	-1533.364
162	-1489.404
163	-1546.568
164	-1515.212
165	-1480.556
166	-1492.464
167	-1446.2
168	-1426.196
169	-1418.424
170	-1433.488
171	-1495.74
172	-1477.164
173	-1471.656
174	-1458.476
175	-1453.132
176	-1492.976
177	-1492.332
178	-1500.14
179	-1467.352
180	-1486.612
181	-1490.152
182	-1534.22
183	-1585.864
184	-1608.42
185	-1521.684
186	-1539.768
187	-1546.528
188	-1575.916
189	-1597.388
190	-1640.86
191	-1652.996
192	-1660.904
193	-1623.892
194	-1591.064
195	-1621.76
196	-1604.4
197	-1644.0
198	-1634.332
199	-1592.836
200	-1510.356


51	-1297.424
52	-1400.26
53	-1466.084
54	-1418.648
55	-1369.184
56	-1349.444
57	-1400.668
58	-1475.512
59	-1456.568
60	-1444.06
61	-1453.012
62	-1438.56
63	-1435.724
64	-1485.888
65	-1480.66
66	-1449.124
67	-1421.732
68	-1446.1
69	-1441.756
70	-1395.58
71	-1392.58
72	-1421.564
73	-1494.408
74	-1481.272
75	-1436.584
76	-1447.848
77	-1447.492
78	-1450.32
79	-1416.488
80	-1402.948
81	-1414.544
82	-1474.82
83	-1465.34
84	-1500.056
85	-1508.372
86	-1502.484
87	-1539.712
88	-1542.584
89	-1537.62
90	-1515.628
91	-1515.4
92	-1577.072
93	-1566.988
94	-1526.884
95	-1489.324
96	-1500.26
97	-1480.224
98	-1507.496
99	-1551.048
100	-1557.512
101	-1523.868
102	-1440.436
103	-1484.136
104	-1474.248
105	-1488.468
106	-1514.224
107	-1530.672
108	-1551.236
109	-1596.42
110	-1593.304
111	-1541.236
112	-1466.64
113	-1468.244
114	-1392.416
115	-1332.412
116	-1418.464
117	-1448.528
118	-1431.188
119	-1460.944
120	-1411.192
121	-1362.72
122	-1386.62
123	-1416.232
124	-1430.496
125	-1443.668
126	-1441.532
127	-1380.832
128	-1418.768
129	-1393.628
130	-1347.044
131	-1391.624
132	-1395.012
133	-1389.26
134	-1446.744
135	-1448.296
136	-1409.768
137	-1389.672
138	-1384.404
139	-1423.4
140	-1409.552
141	-1435.716
142	-1529.844
143	-1508.092
144	-1498.896
145	-1448.044
146	-1442.388
147	-1467.976
148	-1471.036
149	-1492.868
150	-1515.528
151	-1478.46
152	-1520.556
153	-1576.648
154	-1575.92
155	-1531.4
156	-1539.836
157	-1577.488
158	-1503.124
159	-1475.028
160	-1472.14
161	-1436.8
162	-1419.808
163	-1428.124
164	-1477.144
165	-1436.916
166	-1458.48
167	-1469.984
168	-1460.908
169	-1407.496
170	-1379.028
171	-1369.268
172	-1433.16
173	-1399.9
174	-1337.216
175	-1406.856
176	-1408.132
177	-1359.752
178	-1325.86
179	-1340.296
180	-1369.504
181	-1374.824
182	-1423.368
183	-1431.736
184	-1457.54
185	-1447.264
186	-1425.992
187	-1390.396
188	-1426.132
189	-1351.304
190	-1274.976
191	-1279.032
192	-1314.164
193	-1333.06
194	-1367.596
195	-1301.072
196	-1259.08
197	-1243.848
198	-1268.832
199	-1324.336
200	-1380.864


51	-1166.336
52	-1134.708
53	-1071.344
54	-1074.244
55	-1096.824
56	-1083.144
57	-1086.232
58	-1091.952
59	-1104.808
60	-1119.036
61	-1109.932
62	-1086.236
63	-1095.168
64	-1073.22
65	-1064.348
66	-1121.52
67	-1173.52
68	-1220.792
69	-1260.732
70	-1203.492
71	-1158.704
72	-1162.972
73	-1208.912
74	-1213.26
75	-1171.564
76	-1193.476
77	-1182.14
78	-1189.092
79	-1213.508
80	-1156.664
81	-1066.736
82	-1132.756
83	-1223.924
84	-1211.036
85	-1238.456
86	-1203.536
87	-1237.4
88	-1202.72
89	-1293.02
90	-1263.308
91	-1318.456
92	-1278.228
93	-1352.492
94	-1328.448
95	-1331.908
96	-1413.74
97	-1391.532
98	-1337.916
99	-1284.132
100	-1237.984
101	-1244.916
102	-1240.428
103	-1209.216
104	-1184.38
105	-1097.444
106	-1131.24
107	-1192.672
108	-1165.576
109	-1196.176
110	-1150.952
111	-1086.78
112	-1192.784
113	-1226.168
114	-1221.416
115	-1229.856
116	-1289.608
117	-1339.0
118	-1337.472
119	-1350.188
120	-1374.324
121	-1356.392
122	-1263.384
123	-1360.824
124	-1371.404
125	-1329.544
126	-1296.012
127	-1235.624
128	-1200.236
129	-1178.132
130	-1261.228
131	-1256.2
132	-1202.044
133	-1206.436
134	-1210.948
135	-1174.728
136	-1143.18
137	-1175.54
138	-1247.536
139	-1206.956
140	-1207.02
141	-1192.556
142	-1243.608
143	-1266.156
144	-1270.168
145	-1290.24
146	-1222.62
147	-1157.744
148	-1129.788
149	-1146.496
150	-1228.204
151	-1182.128
152	-1271.24
153	-1276.544
154	-1311.924
155	-1289.048
156	-1288.668
157	-1264.88
158	-1197.884
159	-1179.384
160	-1201.124
161	-1240.516
162	-1233.02
163	-1275.616
164	-1238.624
165	-1216.404
166	-1200.432
167	-1234.78
168	-1271.912
169	-1270.816
170	-1187.224
171	-1178.432
172	-1205.704
173	-1151.688
174	-1178.728
175	-1177.176
176	-1213.428
177	-1208.932
178	-1226.764
179	-1281.18
180	-1239.476
181	-1184.636
182	-1160.94
183	-1127.008
184	-1134.012
185	-1141.852
186	-1260.288
187	-1324.876
188	-1329.388
189	-1288.108
190	-1306.464
191	-1318.424
192	-1315.7
193	-1261.744
194	-1239.532
195	-1200.484
196	-1137.752
197	-1123.656
198	-1112.084
199	-1168.304
200	-1216.252


51	-1051.644
52	-1045.692
53	-1093.62
54	-1160.832
55	-1075.46
56	-1045.516
57	-1012.724
58	-1050.964
59	-1064.436
60	-1045.04
61	-1082.388
62	-1157.708
63	-1107.136
64	-1137.664
65	-1137.852
66	-1175.688
67	-1127.276
68	-1131.456
69	-1126.328
70	-1162.836
71	-1107.736
72	-1160.588
73	-1222.196
74	-1256.664
75	-1206.192
76	-1130.232
77	-1165.6
78	-1128.348
79	-1101.692
80	-1100.748
81	-1043.348
82	-1065.804
83	-1121.72
84	-1143.7
85	-1119.048
86	-1088.58
87	-1116.848
88	-1143.292
89	-1168.312
90	-1198.676
91	-1124.376
92	-1099.948
93	-1094.648
94	-1151.572
95	-1172.548
96	-1126.24
97	-1143.5
98	-1079.508
99	-1067.104
100	-1115.256
101	-1127.788
102	-1103.512
103	-1068.596
104	-1056.22
105	-1052.32
106	-1071.236
107	-1052.004
108	-1112.608
109	-1110.212
110	-1131.7
111	-1074.464
112	-1091.072
113	-1140.492
114	-1183.524
115	-1149.008
116	-1113.14
117	-1093.376
118	-1070.384
119	-1080.588
120	-1109.32
121	-1056.052
122	-1030.66
123	-1074.552
124	-1118.776
125	-1191.592
126	-1241.952
127	-1248.868
128	-1165.232
129	-1134.42
130	-1136.872
131	-1136.908
132	-1146.916
133	-1099.332
134	-1119.996
135	-1123.144
136	-1108.612
137	-1119.468
138	-1093.184
139	-1032.436
140	-1009.16
141	-1033.348
142	-1057.436
143	-1060.988
144	-1093.076
145	-1049.364
146	-1007.032
147	-1013.112
148	-1089.976
149	-1137.248
150	-1117.692
151	-1131.928
152	-1153.416
153	-1178.028
154	-1192.508
155	-1181.392
156	-1208.396
157	-1200.476
158	-1151.38
159	-1161.984
160	-1152.664
161	-1138.724
162	-1125.596
163	-1140.596
164	-1138.112
165	-1107.384
166	-1093.828
167	-1071.12
168	-1013.796
169	-968.252
170	-1033.04
171	-1037.476
172	-1014.908
173	-964.964
174	-1076.444
175	-1104.156
176	-1123.328
177	-1159.668
178	-1194.996
179	-1116.468
180	-1123.736
181	-1120.396
182	-1052.908
183	-1061.204
184	-1059.068
185	-1095.996
186	-1119.952
187	-1121.064
188	-1112.456
189	-1157.564
190	-1054.932
191	-1023.876
192	-1064.324
193	-1105.588
194	-1075.052
195	-1145.28
196	-1176.584
197	-1161.948
198	-1171.62
199	-1215.356
200	-1190.408


51	-1103.352
52	-1132.756
53	-1066.564
54	-1071.164
55	-1166.38
56	-1166.012
57	-1148.52
58	-1167.416
59	-1153.344
60	-1181.716
61	-1195.1
62	-1120.968
63	-1148.512
64	-1159.376
65	-1115.144
66	-1230.084
67	-1218.216
68	-1194.724
69	-1152.616
70	-1181.708
71	-1139.236
72	-1176.36
73	-1129.164
74	-1115.004
75	-1156.812
76	-1191.688
77	-1157.152
78	-1159.28
79	-1118.312
80	-1100.864
81	-1041.844
82	-1128.66
83	-1097.084
84	-1080.732
85	-1014.368
86	-1037.78
87	-1038.42
88	-984.776
89	-1019.928
90	-968.348
91	-970.592
92	-916.388
93	-930.704
94	-969.092
95	-944.364
96	-934.692
97	-931.128
98	-1008.848
99	-1021.084
100	-1017.972
101	-954.152
102	-936.512
103	-953.428
104	-904.128
105	-989.448
106	-989.12
107	-979.024
108	-997.276
109	-966.292
110	-969.38
111	-978.252
112	-915.752
113	-934.832
114	-1042.576
115	-1095.024
116	-1059.584
117	-1095.388
118	-1134.972
119	-1217.252
120	-1160.1
121	-1123.756
122	-1139.272
123	-1068.956
124	-1085.672
125	-1103.036
126	-1057.288
127	-1041.112
128	-1114.12
129	-1121.236
130	-1096.388
131	-1082.616
132	-1083.86
133	-1109.208
134	-1080.964
135	-1060.592
136	-1025.604
137	-960.676
138	-1000.732
139	-984.584
140	-947.58
141	-952.92
142	-1030.852
143	-1050.0
144	-1015.724
145	-1008.56
146	-1048.228
147	-1054.032
148	-1039.132
149	-1041.78
150	-1009.356
151	-962.192
152	-985.024
153	-975.056
154	-1029.976
155	-1082.048
156	-1059.464
157	-1041.816
158	-1099.192
159	-1122.872
160	-1039.24
161	-1038.656
162	-991.888
163	-960.28
164	-1009.048
165	-1039.556
166	-1072.0
167	-1058.664
168	-1062.108
169	-1046.744
170	-1082.404
171	-1077.948
172	-1066.1
173	-1167.78
174	-1156.916
175	-1105.568
176	-1007.116
177	-1002.392
178	-979.404
179	-1015.124
180	-991.38
181	-1008.412
182	-1049.608
183	-1074.768
184	-1067.096
185	-1045.248
186	-1055.564
187	-1053.508
188	-1056.08
189	-1057.864
190	-1117.004
191	-1080.132
192	-1106.7
193	-1109.928
194	-1081.776
195	-1068.044
196	-1050.184
197	-1046.384
198	-1038.864
199	-994.008
200	-999.268


51	-995.384
52	-987.436
53	-935.592
54	-974.784
55	-958.856
56	-969.868
57	-976.864
58	-984.152
59	-960.188
60	-923.12
61	-906.576
62	-932.176
63	-943.2
64	-918.904
65	-970.78
66	-977.892
67	-937.5
68	-936.772
69	-917.42
70	-946.928
71	-974.252
72	-918.536
73	-917.924
74	-967.82
75	-971.34
76	-974.56
77	-908.4
78	-971.34
79	-987.276
80	-1034.888
81	-989.876
82	-954.14
83	-985.096
84	-954.752
85	-904.244
86	-836.024
87	-813.7
88	-841.988
89	-830.912
90	-885.984
91	-892.048
92	-923.028
93	-921.94
94	-929.364
95	-932.28
96	-909.696
97	-930.068
98	-952.424
99	-957.92
100	-923.132
101	-916.108
102	-899.516
103	-1000.668
104	-990.784
105	-1008.088
106	-994.696
107	-1007.328
108	-978.728
109	-862.524
110	-844.376
111	-844.856
112	-935.32
113	-1039.196
114	-1036.0
115	-987.608
116	-980.376
117	-1058.056
118	-1048.148
119	-1011.936
120	-1039.148
121	-986.464
122	-976.336
123	-1010.928
124	-991.744
125	-1030.564
126	-1057.584
127	-1022.168
128	-964.44
129	-946.148
130	-982.864
131	-1078.288
132	-1067.176
133	-1087.184
134	-1034.3
135	-1037.964
136	-959.64
137	-951.036
138	-971.148
139	-981.932
140	-988.068
141	-985.924
142	-932.072
143	-945.716
144	-1025.008
145	-1038.736
146	-1051.236
147	-1040.328
148	-1052.524
149	-964.32
150	-962.68
151	-948.644
152	-966.732
153	-994.588
154	-1011.496
155	-1008.564
156	-1045.32
157	-921.768
158	-880.312
159	-936.204
160	-939.196
161	-933.072
162	-983.132
163	-1061.384
164	-1005.86
165	-1025.96
166	-1055.656
167	-1071.124
168	-1034.808
169	-987.212
170	-966.512
171	-978.364
172	-1009.892
173	-1030.076
174	-1016.708
175	-1018.02
176	-1057.732
177	-1085.608
178	-1053.632
179	-1027.036
180	-941.996
181	-899.392
182	-916.736
183	-939.852
184	-954.124
185	-999.412
186	-999.568
187	-979.864
188	-916.436
189	-913.216
190	-962.368
191	-1019.544
192	-1031.108
193	-984.86
194	-955.236
195	-1007.152
196	-1012.448
197	-951.688
198	-929.608
199	-944.456
200	-918.852


51	-848.76
52	-891.484
53	-848.888
54	-892.944
55	-861.816
56	-955.864
57	-969.144
58	-1006.156
59	-994.956
60	-1036.504
61	-1054.832
62	-1113.512
63	-1123.132
64	-1028.516
65	-1003.38
66	-919.804
67	-987.476
68	-960.916
69	-1000.58
70	-974.356
71	-992.388
72	-997.228
73	-962.112
74	-942.552
75	-962.188
76	-948.564
77	-949.236
78	-979.032
79	-939.04
80	-999.936
81	-967.652
82	-963.808
83	-991.164
84	-988.272
85	-958.056
86	-978.552
87	-987.908
88	-956.136
89	-974.904
90	-957.716
91	-974.664
92	-972.708
93	-1003.3
94	-1015.352
95	-913.196
96	-935.856
97	-1008.444
98	-1020.78
99	-989.008
100	-1014.96
101	-1015.44
102	-909.964
103	-929.264
104	-1003.48
105	-1001.648
106	-1014.972
107	-1009.172
108	-1034.216
109	-996.332
110	-978.788
111	-987.204
112	-996.768
113	-1024.708
114	-1048.08
115	-1036.24
116	-999.224
117	-971.872
118	-961.3
119	-964.14
120	-972.636
121	-944.588
122	-928.208
123	-978.132
124	-983.036
125	-974.288
126	-1032.948
127	-1008.592
128	-1066.408
129	-1070.764
130	-1043.024
131	-1012.644
132	-1012.896
133	-987.148
134	-936.776
135	-927.42
136	-942.232
137	-944.412
138	-964.688
139	-905.276
140	-939.88
141	-943.476
142	-978.148
143	-883.92
144	-959.496
145	-957.168
146	-893.228
147	-875.7
148	-834.04
149	-857.524
150	-891.444
151	-940.036
152	-857.004
153	-869.316
154	-913.424
155	-1009.096
156	-992.312
157	-911.64
158	-950.18
159	-940.596
160	-903.376
161	-891.424
162	-865.172
163	-960.684
164	-977.744
165	-950.088
166	-931.648
167	-883.568
168	-878.332
169	-939.032
170	-889.26
171	-932.74
172	-994.592
173	-948.648
174	-975.208
175	-956.64
176	-936.016
177	-974.848
178	-939.824
179	-871.632
180	-915.48
181	-897.88
182	-941.896
183	-942.164
184	-910.932
185	-875.116
186	-926.356
187	-883.696
188	-886.62
189	-922.32
190	-951.504
191	-960.364
192	-950.488
193	-937.816
194	-953.952
195	-988.648
196	-957.468
197	-942.716
198	-900.62
199	-895.776
200	-879.012


51	-874.176
52	-873.508
53	-840.148
54	-820.612
55	-820.692
56	-839.972
57	-813.544
58	-788.192
59	-825.508
60	-866.0
61	-884.104
62	-904.936
63	-856.62
64	-841.992
65	-844.728
66	-752.616
67	-821.928
68	-845.856
69	-832.756
70	-831.276
71	-783.548
72	-791.66
73	-885.82
74	-917.16
75	-898.124
76	-933.064
77	-907.404
78	-921.352
79	-984.668
80	-915.004
81	-899.508
82	-919.3
83	-887.512
84	-890.904
85	-856.736
86	-929.168
87	-991.48
88	-1013.212
89	-933.484
90	-848.372
91	-795.412
92	-777.188
93	-779.988
94	-795.536
95	-807.928
96	-884.02
97	-841.5
98	-877.768
99	-896.092
100	-924.696
101	-869.284
102	-897.28
103	-849.2
104	-772.044
105	-791.656
106	-759.068
107	-825.084
108	-872.06
109	-883.176
110	-841.952
111	-886.572
112	-897.436
113	-926.552
114	-896.892
115	-834.968
116	-863.176
117	-844.736
118	-880.88
119	-943.1
120	-997.568
121	-938.608
122	-887.0
123	-949.856
124	-924.9
125	-886.2
126	-919.376
127	-865.616
128	-915.488
129	-910.644
130	-922.004
131	-882.728
132	-874.508
133	-839.736
134	-831.832
135	-861.204
136	-789.636
137	-826.944
138	-824.296
139	-803.316
140	-892.564
141	-888.388
142	-883.556
143	-946.248
144	-890.008
145	-877.692
146	-877.564
147	-810.08
148	-851.756
149	-860.62
150	-828.828
151	-843.408
152	-808.18
153	-729.052
154	-733.456
155	-717.364
156	-852.788
157	-831.868
158	-892.644
159	-905.364
160	-893.636
161	-926.724
162	-949.78
163	-874.036
164	-891.604
165	-975.38
166	-975.32
167	-978.752
168	-934.308
169	-880.872
170	-921.008
171	-837.576
172	-891.068
173	-862.56
174	-911.332
175	-922.048
176	-900.464
177	-932.9
178	-833.28
179	-864.924
180	-930.44
181	-876.016
182	-809.652
183	-825.68
184	-877.012
185	-919.996
186	-924.74
187	-851.924
188	-860.48
189	-865.348
190	-870.208
191	-913.576
192	-853.396
193	-835.724
194	-839.356
195	-896.94
196	-928.68
197	-916.668
198	-888.344
199	-937.712
200	-970.832


51	-803.588
52	-805.016
53	-763.948
54	-789.08
55	-810.596
56	-774.284
57	-840.464
58	-902.816
59	-847.836
60	-730.976
61	-717.636
62	-718.788
63	-752.244
64	-879.46
65	-846.372
66	-820.412
67	-831.04
68	-865.436
69	-872.56
70	-915.208
71	-811.376
72	-850.336
73	-853.26
74	-880.448
75	-855.42
76	-866.532
77	-871.568
78	-845.248
79	-766.948
80	-787.284
81	-783.308
82	-842.592
83	-809.48
84	-826.288
85	-863.36
86	-872.728
87	-850.72
88	-839.88
89	-889.424
90	-857.8
91	-878.504
92	-783.852
93	-793.584
94	-843.96
95	-953.696
96	-856.88
97	-782.988
98	-779.816
99	-795.936
100	-865.88
101	-836.776
102	-854.1
103	-837.036
104	-800.296
105	-716.024
106	-823.276
107	-851.872
108	-868.928
109	-921.552
110	-881.152
111	-857.384
112	-798.724
113	-769.436
114	-772.532
115	-781.024
116	-775.204
117	-709.092
118	-728.58
119	-744.504
120	-810.64
121	-866.652
122	-835.352
123	-798.024
124	-808.86
125	-764.796
126	-790.676
127	-787.708
128	-832.972
129	-836.932
130	-766.84
131	-759.08
132	-783.764
133	-752.168
134	-789.14
135	-859.66
136	-969.764
137	-894.184
138	-902.076
139	-882.548
140	-869.588
141	-905.356
142	-840.272
143	-846.808
144	-947.656
145	-1020.552
146	-981.864
147	-940.824
148	-876.564
149	-810.58
150	-832.2
151	-879.884
152	-859.704
153	-860.572
154	-828.256
155	-840.692
156	-882.484
157	-892.86
158	-847.616
159	-841.8
160	-814.256
161	-781.264
162	-761.532
163	-799.744
164	-769.82
165	-800.88
166	-889.496
167	-883.072
168	-849.18
169	-850.864
170	-795.776
171	-774.444
172	-805.86
173	-795.38
174	-816.812
175	-793.6
176	-790.604
177	-754.06
178	-831.652
179	-824.616
180	-840.424
181	-867.8
182	-818.164
183	-835.452
184	-848.368
185	-871.32
186	-878.812
187	-935.676
188	-954.752
189	-892.412
190	-885.312
191	-920.508
192	-828.548
193	-822.044
194	-810.148
195	-788.532
196	-738.476
197	-743.532
198	-728.772
199	-735.98
200	-730.388


51	-882.356
52	-802.136
53	-849.856
54	-858.528
55	-813.748
56	-855.1
57	-807.588
58	-755.404
59	-722.704
60	-753.532
61	-794.436
62	-800.144
63	-835.3
64	-863.256
65	-890.036
66	-913.312
67	-897.484
68	-859.032
69	-833.152
70	-869.06
71	-821.152
72	-789.38
73	-810.772
74	-836.508
75	-793.18
76	-811.868
77	-819.356
78	-844.836
79	-830.08
80	-778.58
81	-761.564
82	-771.376
83	-739.892
84	-768.452
85	-801.664
86	-832.792
87	-804.26
88	-841.076
89	-891.496
90	-850.0
91	-846.448
92	-876.064
93	-870.728
94	-890.18
95	-932.508
96	-846.716
97	-829.788
98	-842.62
99	-823.112
100	-784.496
101	-828.372
102	-794.76
103	-812.544
104	-765.556
105	-790.62
106	-842.276
107	-794.228
108	-835.68
109	-809.364
110	-772.472
111	-802.62
112	-812.504
113	-775.784
114	-775.844
115	-857.856
116	-891.32
117	-876.836
118	-880.36
119	-849.356
120	-738.54
121	-721.168
122	-742.868
123	-723.72
124	-685.596
125	-705.5
126	-730.776
127	-786.332
128	-775.668
129	-762.568
130	-776.664
131	-838.188
132	-841.008
133	-874.912
134	-871.92
135	-877.536
136	-811.348
137	-748.244
138	-840.292
139	-856.136
140	-822.5
141	-867.4
142	-923.056
143	-890.54
144	-899.836
145	-921.28
146	-872.916
147	-868.38
148	-794.972
149	-773.256
150	-821.448
151	-855.768
152	-847.372
153	-799.38
154	-822.02
155	-863.06
156	-826.908
157	-749.084
158	-760.824
159	-693.368
160	-703.54
161	-810.34
162	-768.348
163	-720.4
164	-744.148
165	-748.032
166	-739.964
167	-760.02
168	-716.364
169	-690.632
170	-698.204
171	-665.18
172	-741.552
173	-811.6
174	-874.404
175	-800.344
176	-836.136
177	-796.72
178	-747.804
179	-722.088
180	-659.572
181	-679.316
182	-796.332
183	-798.648
184	-828.044
185	-793.532
186	-807.06
187	-823.868
188	-771.7
189	-781.604
190	-815.048
191	-798.82
192	-809.992
193	-801.144
194	-778.852
195	-817.052
196	-901.376
197	-870.292
198	-913.588
199	-871.492
200	-861.868


51	-856.072
52	-886.344
53	-810.06
54	-780.436
55	-775.376
56	-776.568
57	-770.028
58	-794.836
59	-790.736
60	-868.3
61	-833.484
62	-771.92
63	-730.232
64	-765.272
65	-792.996
66	-722.684
67	-770.188
68	-742.8
69	-741.836
70	-751.924
71	-678.356
72	-682.848
73	-703.26
74	-778.9
75	-761.436
76	-751.608
77	-816.204
78	-880.22
79	-856.08
80	-832.068
81	-761.94
82	-755.18
83	-657.8
84	-717.76
85	-709.772
86	-689.04
87	-753.8
88	-788.384
89	-764.904
90	-789.092
91	-819.472
92	-865.528
93	-792.736
94	-788.88
95	-924.204
96	-895.656
97	-780.54
98	-786.56
99	-747.04
100	-838.372
101	-805.628
102	-735.82
103	-774.956
104	-709.788
105	-751.036
106	-771.004
107	-736.664
108	-761.568
109	-798.34
110	-763.804
111	-730.248
112	-773.304
113	-785.232
114	-776.28
115	-786.74
116	-767.916
117	-770.62
118	-746.56
119	-737.244
120	-793.904
121	-790.116
122	-774.88
123	-797.924
124	-725.852
125	-702.34
126	-758.584
127	-747.416
128	-775.82
129	-776.276
130	-748.836
131	-719.556
132	-734.692
133	-751.8
134	-772.552
135	-805.708
136	-722.504
137	-740.476
138	-743.36
139	-759.604
140	-697.052
141	-749.536
142	-733.516
143	-732.716
144	-764.352
145	-782.56
146	-772.372
147	-817.784
148	-788.004
149	-749.196
150	-728.5
151	-743.16
152	-732.384
153	-755.236
154	-788.888
155	-795.684
156	-733.264
157	-754.04
158	-819.444
159	-833.96
160	-823.7
161	-741.568
162	-758.584
163	-724.208
164	-684.892
165	-702.44
166	-743.124
167	-770.324
168	-735.44
169	-728.744
170	-760.192
171	-779.652
172	-839.052
173	-813.02
174	-848.384
175	-816.436
176	-801.328
177	-730.352
178	-798.82
179	-756.756
180	-789.9
181	-785.84
182	-771.54
183	-715.58
184	-768.224
185	-749.404
186	-707.436
187	-773.476
188	-798.544
189	-758.284
190	-732.996
191	-710.752
192	-747.232
193	-799.44
194	-803.92
195	-721.852
196	-826.364
197	-823.404
198	-796.684
199	-747.8
200	-789.924


51	-761.84
52	-798.828
53	-774.876
54	-773.512
55	-673.836
56	-701.144
57	-685.94
58	-635.8
59	-662.832
60	-705.596
61	-735.852
62	-785.344
63	-868.376
64	-799.172
65	-709.728
66	-711.396
67	-791.696
68	-732.436
69	-731.776
70	-731.844
71	-741.544
72	-744.876
73	-746.376
74	-709.716
75	-710.832
76	-728.512
77	-805.164
78	-789.864
79	-741.532
80	-722.98
81	-702.948
82	-753.132
83	-733.14
84	-652.376
85	-741.98
86	-723.62
87	-709.136
88	-720.096
89	-698.828
90	-716.752
91	-715.472
92	-734.092
93	-709.004
94	-737.936
95	-824.984
96	-829.604
97	-774.964
98	-890.88
99	-848.8
100	-787.056
101	-746.828
102	-718.516
103	-768.056
104	-784.14
105	-776.124
106	-799.228
107	-791.312
108	-811.608
109	-794.232
110	-816.372
111	-739.692
112	-692.336
113	-689.516
114	-705.324
115	-722.984
116	-750.752
117	-774.684
118	-750.816
119	-716.26
120	-697.476
121	-714.22
122	-751.048
123	-750.408
124	-726.66
125	-718.224
126	-678.464
127	-795.356
128	-803.428
129	-770.008
130	-798.004
131	-737.972
132	-711.6
133	-623.572
134	-612.228
135	-616.032
136	-661.264
137	-709.524
138	-700.572
139	-694.424
140	-657.112
141	-632.124
142	-654.372
143	-743.988
144	-739.38
145	-707.8
146	-699.576
147	-735.796
148	-657.912
149	-661.084
150	-676.744
151	-607.572
152	-668.272
153	-707.716
154	-742.792
155	-765.028
156	-713.716
157	-709.876
158	-679.712
159	-717.444
160	-722.56
161	-713.924
162	-731.088
163	-745.2
164	-729.48
165	-747.984
166	-791.276
167	-862.392
168	-877.692
169	-806.392
170	-829.492
171	-794.516
172	-753.528
173	-755.392
174	-672.444
175	-678.096
176	-696.884
177	-680.208
178	-766.804
179	-792.46
180	-770.268
181	-724.312
182	-759.172
183	-843.752
184	-752.236
185	-660.532
186	-639.572
187	-672.212
188	-667.584
189	-677.04
190	-714.672
191	-681.084
192	-673.14
193	-650.424
194	-749.588
195	-767.788
196	-741.684
197	-800.14
198	-811.46
199	-785.08
200	-783.648


51	-700.576
52	-680.552
53	-730.464
54	-706.24
55	-729.296
56	-723.924
57	-719.272
58	-724.168
59	-745.62
60	-699.22
61	-738.264
62	-712.608
63	-718.22
64	-669.352
65	-704.364
66	-755.292
67	-660.704
68	-697.664
69	-731.908
70	-716.856
71	-703.2
72	-751.104
73	-732.756
74	-703.028
75	-696.212
76	-742.708
77	-736.988
78	-725.668
79	-734.804
80	-645.176
81	-595.58
82	-695.02
83	-693.248
84	-677.04
85	-793.008
86	-762.268
87	-761.388
88	-702.744
89	-681.436
90	-585.584
91	-617.6
92	-687.844
93	-713.568
94	-751.764
95	-807.384
96	-818.332
97	-805.652
98	-733.476
99	-719.112
100	-699.98
101	-662.168
102	-687.172
103	-671.62
104	-702.356
105	-666.792
106	-647.28
107	-702.772
108	-698.288
109	-760.64
110	-769.7
111	-771.592
112	-727.152
113	-741.408
114	-734.404
115	-650.152
116	-636.856
117	-634.624
118	-640.524
119	-642.784
120	-701.92
121	-771.564
122	-780.036
123	-755.188
124	-750.492
125	-771.38
126	-788.964
127	-797.884
128	-787.82
129	-755.036
130	-671.2
131	-672.656
132	-712.544
133	-673.488
134	-665.736
135	-689.676
136	-640.576
137	-707.844
138	-708.676
139	-698.904
140	-793.708
141	-741.452
142	-703.468
143	-691.644
144	-657.356
145	-654.948
146	-671.312
147	-676.312
148	-784.924
149	-746.676
150	-669.124
151	-643.28
152	-621.276
153	-645.128
154	-682.904
155	-652.496
156	-646.38
157	-667.108
158	-744.36
159	-789.86
160	-775.716
161	-740.46
162	-673.556
163	-679.64
164	-704.152
165	-708.156
166	-722.936
167	-743.032
168	-745.388
169	-760.916
170	-700.664
171	-694.1
172	-663.084
173	-645.636
174	-660.096
175	-642.572
176	-714.804
177	-700.992
178	-681.48
179	-688.636
180	-757.224
181	-688.124
182	-698.792
183	-699.24
184	-708.58
185	-701.64
186	-739.792
187	-796.612
188	-791.78
189	-706.68
190	-705.184
191	-633.116
192	-715.856
193	-768.456
194	-806.196
195	-745.372
196	-729.26
197	-692.776
198	-665.776
199	-669.0
200	-696.348


51	-659.264
52	-657.592
53	-689.528
54	-706.128
55	-671.52
56	-651.896
57	-645.352
58	-617.484
59	-586.104
60	-628.304
61	-711.428
62	-781.392
63	-752.996
64	-688.632
65	-662.392
66	-630.248
67	-682.18
68	-663.1
69	-646.192
70	-716.456
71	-680.768
72	-656.948
73	-716.84
74	-746.732
75	-692.14
76	-648.62
77	-639.364
78	-604.168
79	-649.596
80	-619.284
81	-664.256
82	-656.124
83	-615.564
84	-610.388
85	-684.616
86	-644.112
87	-637.972
88	-592.98
89	-650.016
90	-719.404
91	-688.916
92	-670.948
93	-622.628
94	-554.972
95	-664.336
96	-739.688
97	-654.928
98	-697.428
99	-743.02
100	-688.82
101	-651.968
102	-667.408
103	-673.968
104	-697.932
105	-653.844
106	-663.84
107	-677.788
108	-627.892
109	-619.832
110	-593.688
111	-589.312
112	-616.656
113	-692.152
114	-677.968
115	-635.04
116	-636.952
117	-644.268
118	-650.736
119	-706.564
120	-659.152
121	-652.344
122	-672.472
123	-674.92
124	-671.584
125	-697.26
126	-675.06
127	-631.324
128	-669.596
129	-678.112
130	-763.952
131	-692.444
132	-655.596
133	-599.176
134	-548.48
135	-590.944
136	-704.532
137	-746.74
138	-722.304
139	-698.812
140	-654.86
141	-651.156
142	-595.972
143	-611.004
144	-683.88
145	-669.908
146	-678.956
147	-705.708
148	-712.888
149	-756.7
150	-734.172
151	-728.912
152	-688.512
153	-640.864
154	-673.42
155	-626.468
156	-654.4
157	-681.964
158	-701.492
159	-737.92
160	-812.944
161	-690.604
162	-709.432
163	-688.856
164	-778.016
165	-758.036
166	-809.304
167	-735.176
168	-744.304
169	-686.004
170	-618.064
171	-658.312
172	-594.48
173	-713.164
174	-741.388
175	-692.848
176	-608.008
177	-599.676
178	-609.16
179	-580.916
180	-615.616
181	-585.536
182	-627.556
183	-675.104
184	-712.228
185	-745.952
186	-704.584
187	-714.54
188	-692.492
189	-686.644
190	-657.4
191	-666.824
192	-631.928
193	-716.58
194	-691.34
195	-673.676
196	-719.276
197	-672.96
198	-608.1
199	-546.34
200	-646.404


51	-615.668
52	-602.42
53	-623.004
54	-627.752
55	-693.776
56	-674.616
57	-715.176
58	-651.44
59	-651.86
60	-683.176
61	-707.428
62	-722.208
63	-746.244
64	-749.664
65	-684.072
66	-644.216
67	-615.268
68	-609.34
69	-616.46
70	-585.312
71	-623.728
72	-662.388
73	-656.088
74	-583.732
75	-634.756
76	-621.148
77	-674.68
78	-728.856
79	-686.04
80	-625.42
81	-681.812
82	-677.068
83	-600.412
84	-581.172
85	-660.636
86	-715.204
87	-694.524
88	-686.992
89	-622.212
90	-617.352
91	-556.592
92	-594.58
93	-565.096
94	-584.032
95	-612.824
96	-552.388
97	-565.3
98	-619.696
99	-677.388
100	-658.312
101	-669.904
102	-719.14
103	-721.72
104	-691.38
105	-658.676
106	-620.12
107	-633.004
108	-637.944
109	-576.196
110	-619.524
111	-579.316
112	-600.672
113	-633.776
114	-642.904
115	-589.592
116	-607.972
117	-674.864
118	-602.912
119	-711.576
120	-648.596
121	-571.78
122	-580.012
123	-641.488
124	-639.024
125	-610.612
126	-612.776
127	-624.444
128	-662.24
129	-690.492
130	-607.208
131	-622.748
132	-611.188
133	-588.24
134	-689.236
135	-668.364
136	-688.636
137	-696.08
138	-619.272
139	-639.108
140	-655.072
141	-702.076
142	-696.88
143	-616.972
144	-607.676
145	-637.312
146	-596.08
147	-535.152
148	-600.292
149	-606.656
150	-598.528
151	-647.468
152	-659.244
153	-676.532
154	-701.34
155	-643.052
156	-640.96
157	-541.184
158	-554.4
159	-631.016
160	-671.652
161	-687.94
162	-697.632
163	-724.756
164	-749.1
165	-732.148
166	-690.676
167	-645.988
168	-670.788
169	-624.816
170	-600.236
171	-647.936
172	-683.18
173	-657.864
174	-649.756
175	-629.036
176	-649.732
177	-649.244
178	-623.78
179	-663.928
180	-666.924
181	-602.188
182	-627.112
183	-617.948
184	-632.348
185	-666.956
186	-752.18
187	-769.436
188	-700.344
189	-714.5
190	-746.992
191	-738.64
192	-698.864
193	-611.268
194	-628.156
195	-644.376
196	-656.388
197	-631.984
198	-701.784
199	-704.804
200	-626.6


51	-658.068
52	-557.216
53	-508.968
54	-500.892
55	-532.852
56	-568.0
57	-614.448
58	-733.516
59	-601.224
60	-656.028
61	-637.368
62	-623.344
63	-584.416
64	-599.664
65	-573.948
66	-558.596
67	-591.592
68	-613.68
69	-601.064
70	-619.104
71	-628.456
72	-642.092
73	-611.08
74	-581.092
75	-621.872
76	-660.756
77	-644.652
78	-559.472
79	-605.056
80	-635.156
81	-659.876
82	-616.068
83	-621.036
84	-627.76
85	-720.632
86	-708.732
87	-641.496
88	-630.644
89	-666.652
90	-646.784
91	-667.276
92	-677.944
93	-640.824
94	-597.288
95	-572.412
96	-611.968
97	-646.968
98	-650.42
99	-628.316
100	-575.24
101	-670.2
102	-622.14
103	-628.292
104	-637.056
105	-670.656
106	-630.184
107	-664.116
108	-640.264
109	-596.012
110	-575.972
111	-600.452
112	-621.036
113	-637.004
114	-654.136
115	-680.612
116	-650.792
117	-668.836
118	-678.412
119	-707.028
120	-703.456
121	-681.176
122	-596.68
123	-546.52
124	-570.028
125	-669.156
126	-653.364
127	-640.972
128	-560.188
129	-609.228
130	-653.928
131	-675.024
132	-649.184
133	-581.624
134	-560.296
135	-533.116
136	-663.588
137	-638.8
138	-654.368
139	-638.132
140	-647.824
141	-673.72
142	-679.764
143	-588.692
144	-616.968
145	-596.048
146	-559.272
147	-631.58
148	-583.716
149	-589.508
150	-600.76
151	-576.856
152	-557.216
153	-620.82
154	-671.676
155	-628.344
156	-610.672
157	-637.124
158	-695.976
159	-654.82
160	-598.248
161	-608.148
162	-582.804
163	-606.924
164	-699.796
165	-760.388
166	-671.532
167	-621.984
168	-552.536
169	-583.116
170	-619.432
171	-612.088
172	-645.068
173	-666.068
174	-599.176
175	-532.868
176	-620.288
177	-680.368
178	-616.112
179	-616.556
180	-634.224
181	-721.812
182	-667.564
183	-654.512
184	-677.34
185	-629.472
186	-575.768
187	-569.928
188	-622.672
189	-616.948
190	-620.188
191	-691.728
192	-661.86
193	-692.004
194	-591.112
195	-562.872
196	-560.248
197	-601.436
198	-666.452
199	-681.968
200	-629.064


51	-615.844
52	-556.132
53	-567.16
54	-621.416
55	-680.248
56	-672.224
57	-705.556
58	-719.384
59	-605.676
60	-555.652
61	-546.5
62	-561.28
63	-583.724
64	-627.676
65	-613.936
66	-586.152
67	-581.468
68	-591.296
69	-574.72
70	-598.672
71	-620.332
72	-600.764
73	-594.46
74	-590.7
75	-631.416
76	-593.88
77	-587.804
78	-560.74
79	-514.108
80	-582.212
81	-663.304
82	-641.372
83	-636.024
84	-586.46
85	-557.032
86	-577.184
87	-641.176
88	-648.92
89	-625.456
90	-554.476
91	-574.916
92	-542.856
93	-590.516
94	-601.808
95	-624.776
96	-551.652
97	-589.588
98	-556.56
99	-606.948
100	-630.892
101	-603.36
102	-606.98
103	-637.772
104	-618.312
105	-636.668
106	-617.092
107	-628.36
108	-694.724
109	-676.308
110	-593.308
111	-593.732
112	-581.98
113	-595.116
114	-662.384
115	-659.34
116	-717.676
117	-630.54
118	-607.352
119	-592.54
120	-589.12
121	-602.748
122	-610.92
123	-623.624
124	-626.808
125	-662.476
126	-624.82
127	-649.38
128	-616.792
129	-590.96
130	-614.212
131	-565.26
132	-541.308
133	-574.292
134	-602.304
135	-595.056
136	-577.192
137	-582.764
138	-572.904
139	-579.924
140	-616.08
141	-605.652
142	-615.924
143	-630.296
144	-673.564
145	-662.084
146	-654.448
147	-656.692
148	-616.04
149	-632.924
150	-578.576
151	-537.944
152	-573.856
153	-578.532
154	-588.46
155	-561.1
156	-651.048
157	-651.216
158	-636.648
159	-600.976
160	-535.176
161	-577.632
162	-587.04
163	-639.856
164	-618.904
165	-565.296
166	-530.08
167	-519.384
168	-605.884
169	-581.18
170	-608.34
171	-605.616
172	-627.648
173	-629.748
174	-571.208
175	-549.552
176	-573.66
177	-511.16
178	-526.56
179	-586.632
180	-602.82
181	-578.236
182	-608.852
183	-601.128
184	-574.096
185	-527.348
186	-638.088
187	-670.984
188	-598.204
189	-600.724
190	-623.988
191	-642.064
192	-596.98
193	-621.676
194	-661.872
195	-598.476
196	-661.228
197	-622.828
198	-650.616
199	-647.772
200	-589.972


51	-619.656
52	-554.296
53	-516.496
54	-475.26
55	-528.46
56	-592.176
57	-613.564
58	-523.128
59	-501.844
60	-603.376
61	-601.492
62	-709.392
63	-697.712
64	-650.136
65	-601.252
66	-617.156
67	-596.344
68	-625.164
69	-578.24
70	-559.576
71	-605.024
72	-603.028
73	-619.296
74	-632.576
75	-671.824
76	-637.744
77	-690.084
78	-590.116
79	-557.968
80	-513.34
81	-559.272
82	-636.596
83	-614.088
84	-641.632
85	-716.824
86	-675.792
87	-638.012
88	-637.948
89	-528.596
90	-569.82
91	-622.24
92	-584.516
93	-599.828
94	-585.948
95	-513.576
96	-563.532
97	-586.444
98	-639.412
99	-614.768
100	-561.032
101	-515.532
102	-523.564
103	-574.336
104	-576.364
105	-573.564
106	-630.692
107	-635.98
108	-617.676
109	-496.68
110	-520.14
111	-648.224
112	-563.04
113	-581.84
114	-635.232
115	-633.952
116	-538.472
117	-529.864
118	-559.504
119	-500.808
120	-476.004
121	-526.412
122	-503.588
123	-525.164
124	-514.076
125	-583.656
126	-572.904
127	-595.824
128	-625.164
129	-637.888
130	-658.12
131	-682.624
132	-592.412
133	-600.3
134	-639.212
135	-677.628
136	-638.52
137	-606.804
138	-550.38
139	-567.868
140	-575.14
141	-559.348
142	-567.004
143	-612.376
144	-616.8
145	-643.312
146	-569.576
147	-465.476
148	-577.592
149	-573.168
150	-596.876
151	-569.508
152	-566.856
153	-603.016
154	-595.804
155	-571.012
156	-578.864
157	-523.856
158	-570.004
159	-621.676
160	-609.02
161	-663.132
162	-677.624
163	-625.54
164	-597.592
165	-552.544
166	-565.528
167	-519.968
168	-507.02
169	-514.224
170	-565.548
171	-554.704
172	-561.74
173	-584.116
174	-552.372
175	-568.988
176	-628.504
177	-607.004
178	-580.54
179	-636.64
180	-636.032
181	-661.568
182	-613.548
183	-685.288
184	-626.436
185	-565.972
186	-533.416
187	-527.412
188	-583.616
189	-587.588
190	-606.244
191	-610.012
192	-538.544
193	-605.856
194	-607.84
195	-595.3
196	-619.876
197	-655.272
198	-535.124
199	-627.112
200	-556.024


51	-554.108
52	-536.076
53	-560.292
54	-551.544
55	-573.044
56	-552.936
57	-618.644
58	-610.512
59	-583.284
60	-495.72
61	-522.66
62	-566.864
63	-560.892
64	-552.84
65	-547.36
66	-534.748
67	-611.472
68	-569.296
69	-495.576
70	-466.624
71	-507.484
72	-485.996
73	-570.996
74	-608.392
75	-609.512
76	-572.588
77	-585.308
78	-566.512
79	-560.252
80	-587.924
81	-641.416
82	-578.704
83	-597.344
84	-551.988
85	-509.088
86	-608.196
87	-626.544
88	-550.98
89	-543.812
90	-554.828
91	-611.36
92	-573.552
93	-605.892
94	-596.656
95	-564.204
96	-514.704
97	-593.544
98	-560.244
99	-595.28
100	-585.78
101	-615.852
102	-601.708
103	-592.248
104	-598.204
105	-579.664
106	-572.296
107	-547.7
108	-588.756
109	-591.52
110	-576.984
111	-496.9
112	-545.208
113	-599.984
114	-585.196
115	-604.896
116	-595.936
117	-646.24
118	-608.332
119	-556.904
120	-555.784
121	-587.432
122	-666.26
123	-657.932
124	-569.384
125	-610.288
126	-555.06
127	-511.828
128	-516.308
129	-601.892
130	-555.5
131	-599.528
132	-566.676
133	-580.936
134	-542.492
135	-511.124
136	-545.768
137	-659.116
138	-723.412
139	-653.572
140	-609.584
141	-645.852
142	-616.632
143	-612.584
144	-542.232
145	-541.224
146	-569.884
147	-621.58
148	-556.668
149	-559.384
150	-520.936
151	-578.432
152	-546.812
153	-534.84
154	-509.692
155	-593.888
156	-558.336
157	-537.028
158	-590.612
159	-631.736
160	-666.7
161	-696.916
162	-609.16
163	-636.728
164	-563.64
165	-625.828
166	-591.54
167	-548.968
168	-509.788
169	-497.872
170	-484.076
171	-522.828
172	-581.16
173	-571.156
174	-616.488
175	-555.124
176	-555.892
177	-520.012
178	-563.476
179	-616.504
180	-614.32
181	-604.756
182	-550.184
183	-511.612
184	-580.188
185	-531.264
186	-504.628
187	-596.116
188	-616.14
189	-625.496
190	-610.208
191	-638.14
192	-568.22
193	-504.388
194	-525.312
195	-510.904
196	-535.624
197	-601.66
198	-597.492
199	-570.844
200	-551.072


51	-541.304
52	-589.388
53	-558.64
54	-539.46
55	-470.456
56	-517.78
57	-564.336
58	-554.084
59	-541.012
60	-535.66
61	-524.664
62	-451.396
63	-503.592
64	-578.328
65	-601.428
66	-558.14
67	-552.712
68	-552.236
69	-593.424
70	-588.552
71	-581.22
72	-631.872
73	-648.756
74	-624.272
75	-578.204
76	-564.556
77	-599.784
78	-626.636
79	-538.896
80	-557.72
81	-601.66
82	-547.912
83	-535.376
84	-590.552
85	-553.116
86	-561.536
87	-545.364
88	-567.148
89	-506.068
90	-530.488
91	-592.732
92	-642.54
93	-604.612
94	-603.712
95	-605.712
96	-571.036
97	-550.356
98	-579.58
99	-516.868
100	-550.348
101	-557.24
102	-528.536
103	-526.296
104	-495.472
105	-519.784
106	-546.188
107	-601.568
108	-605.416
109	-596.444
110	-609.0
111	-592.112
112	-508.26
113	-511.86
114	-516.2
115	-549.432
116	-553.7
117	-556.08
118	-524.972
119	-565.572
120	-637.568
121	-632.28
122	-604.86
123	-570.448
124	-490.588
125	-526.664
126	-524.072
127	-594.732
128	-497.18
129	-575.156
130	-503.852
131	-532.848
132	-565.168
133	-664.492
134	-657.052
135	-696.452
136	-599.536
137	-571.82
138	-551.84
139	-611.368
140	-575.428
141	-580.36
142	-600.02
143	-629.452
144	-621.628
145	-525.94
146	-520.112
147	-600.464
148	-541.832
149	-479.856
150	-484.64
151	-410.072
152	-524.432
153	-575.696
154	-601.496
155	-558.344
156	-534.436
157	-483.936
158	-566.04
159	-620.912
160	-560.896
161	-520.764
162	-536.576
163	-610.16
164	-584.948
165	-549.148
166	-526.896
167	-499.44
168	-483.448
169	-496.256
170	-524.568
171	-468.692
172	-537.68
173	-516.384
174	-585.78
175	-617.424
176	-521.648
177	-473.952
178	-538.616
179	-464.06
180	-490.616
181	-517.916
182	-501.216
183	-522.388
184	-600.536
185	-612.716
186	-625.272
187	-627.516
188	-619.308
189	-669.66
190	-570.688
191	-570.548
192	-538.932
193	-572.452
194	-572.932
195	-663.684
196	-588.136
197	-609.8
198	-603.044
199	-604.428
200	-578.916


51	-538.124
52	-582.076
53	-568.36
54	-548.288
55	-554.952
56	-590.348
57	-576.852
58	-503.572
59	-527.58
60	-545.404
61	-491.536
62	-574.452
63	-572.544
64	-547.768
65	-532.476
66	-506.392
67	-497.5
68	-499.772
69	-540.308
70	-494.352
71	-526.844
72	-590.968
73	-499.884
74	-541.848
75	-531.212
76	-559.076
77	-543.2
78	-490.956
79	-459.792
80	-466.504
81	-489.608
82	-510.228
83	-521.884
84	-508.408
85	-547.584
86	-550.924
87	-543.572
88	-466.736
89	-539.212
90	-591.78
91	-541.284
92	-556.48
93	-610.06
94	-554.496
95	-554.48
96	-509.536
97	-566.14
98	-579.08
99	-589.204
100	-562.036
101	-562.824
102	-543.08
103	-616.396
104	-638.824
105	-605.956
106	-552.776
107	-580.132
108	-574.296
109	-510.8
110	-555.912
111	-515.892
112	-464.224
113	-563.172
114	-556.688
115	-566.9
116	-565.508
117	-507.304
118	-506.48
119	-581.492
120	-628.2
121	-630.204
122	-598.204
123	-589.168
124	-597.924
125	-557.748
126	-561.504
127	-476.268
128	-550.192
129	-488.464
130	-571.748
131	-543.588
132	-515.476
133	-538.62
134	-534.124
135	-564.512
136	-559.68
137	-527.588
138	-511.276
139	-590.36
140	-597.668
141	-542.704
142	-602.132
143	-509.956
144	-509.212
145	-505.916
146	-458.852
147	-529.608
148	-598.44
149	-494.28
150	-521.556
151	-570.972
152	-684.268
153	-549.456
154	-492.544
155	-515.816
156	-472.656
157	-502.176
158	-578.308
159	-535.188
160	-509.356
161	-485.912
162	-524.188
163	-576.488
164	-621.024
165	-562.432
166	-546.58
167	-553.556
168	-573.5
169	-577.312
170	-550.848
171	-550.396
172	-571.604
173	-507.928
174	-536.144
175	-536.004
176	-505.952
177	-515.856
178	-448.116
179	-563.676
180	-594.068
181	-639.42
182	-622.952
183	-579.992
184	-535.272
185	-511.692
186	-524.996
187	-627.78
188	-610.724
189	-499.272
190	-460.308
191	-445.932
192	-551.612
193	-591.108
194	-641.052
195	-593.752
196	-514.204
197	-533.096
198	-558.12
199	-532.888
200	-503.12


51	-512.092
52	-546.448
53	-513.352
54	-460.032
55	-499.22
56	-492.824
57	-554.168
58	-555.928
59	-516.52
60	-494.768
61	-484.048
62	-536.808
63	-479.524
64	-519.172
65	-558.552
66	-575.816
67	-477.072
68	-525.664
69	-525.48
70	-487.616
71	-568.012
72	-570.4
73	-606.04
74	-508.328
75	-495.62
76	-564.376
77	-622.304
78	-536.22
79	-521.116
80	-487.896
81	-465.16
82	-480.428
83	-522.568
84	-499.848
85	-530.404
86	-542.5
87	-532.4
88	-533.072
89	-548.444
90	-543.308
91	-531.088
92	-462.444
93	-556.356
94	-542.0
95	-564.328
96	-515.604
97	-536.028
98	-543.344
99	-508.088
100	-474.556
101	-561.08
102	-607.46
103	-575.632
104	-558.568
105	-543.296
106	-579.384
107	-549.176
108	-522.008
109	-511.864
110	-515.476
111	-480.644
112	-412.032
113	-503.152
114	-497.008
115	-520.524
116	-560.988
117	-518.028
118	-562.98
119	-555.984
120	-540.012
121	-474.86
122	-478.172
123	-481.416
124	-471.54
125	-494.136
126	-547.664
127	-566.96
128	-582.576
129	-589.8
130	-505.148
131	-526.48
132	-526.836
133	-507.016
134	-467.988
135	-533.988
136	-526.356
137	-529.156
138	-541.78
139	-482.476
140	-516.864
141	-495.796
142	-518.656
143	-484.412
144	-487.864
145	-530.78
146	-501.584
147	-560.452
148	-501.296
149	-496.028
150	-582.192
151	-558.264
152	-556.152
153	-500.64
154	-515.772
155	-595.04
156	-540.14
157	-537.384
158	-469.72
159	-471.836
160	-506.776
161	-606.26
162	-556.108
163	-467.94
164	-501.632
165	-541.008
166	-493.128
167	-530.58
168	-506.264
169	-560.016
170	-498.796
171	-519.044
172	-444.612
173	-442.2
174	-473.688
175	-501.26
176	-519.184
177	-466.94
178	-470.684
179	-485.136
180	-518.512
181	-518.04
182	-498.296
183	-481.452
184	-538.364
185	-568.048
186	-557.452
187	-561.476
188	-588.336
189	-570.736
190	-597.84
191	-575.744
192	-545.912
193	-563.436
194	-541.164
195	-554.372
196	-556.86
197	-552.772
198	-609.944
199	-549.6
200	-494.272


51	-521.516
52	-521.268
53	-498.392
54	-528.908
55	-489.644
56	-512.952
57	-494.612
58	-447.236
59	-472.868
60	-470.54
61	-479.924
62	-476.208
63	-456.024
64	-521.112
65	-532.24
66	-550.88
67	-523.708
68	-539.648
69	-527.028
70	-479.536
71	-534.016
72	-537.888
73	-521.508
74	-483.284
75	-505.296
76	-483.86
77	-481.036
78	-483.392
79	-506.024
80	-510.6
81	-473.124
82	-462.132
83	-459.024
84	-456.836
85	-466.988
86	-463.152
87	-487.08
88	-475.808
89	-473.784
90	-455.3
91	-449.784
92	-486.756
93	-545.208
94	-526.628
95	-550.344
96	-550.336
97	-578.248
98	-495.156
99	-531.248
100	-508.608
101	-524.28
102	-577.496
103	-571.304
104	-518.448
105	-551.212
106	-445.0
107	-514.76
108	-554.716
109	-565.516
110	-577.676
111	-522.684
112	-488.112
113	-480.524
114	-472.996
115	-483.208
116	-510.996
117	-471.236
118	-450.92
119	-431.992
120	-487.612
121	-525.932
122	-540.8
123	-465.02
124	-426.9
125	-445.016
126	-522.004
127	-557.908
128	-523.672
129	-400.948
130	-406.78
131	-468.62
132	-490.624
133	-494.728
134	-542.532
135	-462.136
136	-485.436
137	-533.672
138	-524.092
139	-510.192
140	-509.688
141	-412.316
142	-454.54
143	-487.664
144	-464.3
145	-467.676
146	-463.88
147	-506.568
148	-487.176
149	-492.244
150	-520.18
151	-498.58
152	-534.38
153	-542.556
154	-474.532
155	-456.668
156	-496.672
157	-494.644
158	-452.932
159	-453.6
160	-467.864
161	-493.492
162	-519.588
163	-545.304
164	-514.916
165	-542.672
166	-470.172
167	-474.336
168	-533.036
169	-544.624
170	-520.312
171	-506.076
172	-520.316
173	-518.44
174	-446.588
175	-450.784
176	-469.264
177	-442.532
178	-525.276
179	-469.648
180	-550.752
181	-527.992
182	-503.616
183	-483.288
184	-444.664
185	-497.008
186	-515.824
187	-508.284
188	-499.312
189	-490.992
190	-493.392
191	-505.952
192	-481.808
193	-532.208
194	-493.724
195	-470.776
196	-533.036
197	-412.928
198	-489.756
199	-553.432
200	-549.012


51	-552.152
52	-524.576
53	-464.756
54	-511.792
55	-556.376
56	-547.296
57	-524.904
58	-524.716
59	-524.984
60	-516.8
61	-560.676
62	-480.996
63	-492.656
64	-491.756
65	-473.024
66	-425.116
67	-476.0
68	-496.984
69	-521.716
70	-546.4
71	-556.384
72	-509.14
73	-470.584
74	-483.74
75	-508.484
76	-518.964
77	-466.148
78	-432.204
79	-439.288
80	-471.552
81	-511.548
82	-479.684
83	-495.78
84	-450.312
85	-485.852
86	-456.844
87	-494.5
88	-504.044
89	-479.296
90	-472.06
91	-434.048
92	-485.944
93	-512.34
94	-458.5
95	-480.96
96	-541.132
97	-489.372
98	-469.22
99	-406.448
100	-475.04
101	-470.772
102	-506.748
103	-509.968
104	-522.988
105	-505.636
106	-506.412
107	-515.776
108	-525.88
109	-553.66
110	-471.588
111	-469.848
112	-496.44
113	-540.504
114	-545.22
115	-523.412
116	-469.652
117	-543.38
118	-490.428
119	-470.9
120	-449.548
121	-474.076
122	-481.5
123	-492.004
124	-526.972
125	-548.912
126	-467.48
127	-485.716
128	-464.16
129	-525.248
130	-531.512
131	-473.6
132	-465.892
133	-441.764
134	-522.296
135	-534.924
136	-537.54
137	-546.812
138	-498.148
139	-551.58
140	-495.768
141	-466.868
142	-495.552
143	-471.74
144	-533.792
145	-505.6
146	-527.62
147	-523.584
148	-557.704
149	-543.084
150	-538.924
151	-581.8
152	-518.112
153	-498.852
154	-449.168
155	-468.448
156	-475.876
157	-385.328
158	-518.796
159	-463.244
160	-487.8
161	-457.968
162	-499.816
163	-508.232
164	-567.108
165	-534.496
166	-515.324
167	-500.248
168	-485.224
169	-475.772
170	-494.596
171	-491.512
172	-425.324
173	-448.436
174	-478.724
175	-461.024
176	-494.344
177	-444.848
178	-513.876
179	-503.84
180	-508.42
181	-510.044
182	-514.708
183	-504.388
184	-515.728
185	-537.252
186	-481.396
187	-525.016
188	-503.908
189	-487.34
190	-526.988
191	-554.268
192	-518.048
193	-481.036
194	-463.876
195	-424.196
196	-517.412
197	-468.212
198	-472.004
199	-487.724
200	-538.004


51	-477.908
52	-471.104
53	-490.564
54	-528.796
55	-501.024
56	-524.208
57	-522.528
58	-481.764
59	-460.04
60	-434.584
61	-556.104
62	-512.996
63	-452.392
64	-490.096
65	-479.432
66	-448.908
67	-482.736
68	-443.396
69	-488.612
70	-504.124
71	-484.044
72	-481.592
73	-445.68
74	-481.224
75	-473.704
76	-473.964
77	-448.656
78	-480.148
79	-468.732
80	-434.596
81	-457.844
82	-453.96
83	-494.352
84	-430.404
85	-447.216
86	-440.888
87	-466.908
88	-476.716
89	-482.036
90	-440.02
91	-517.016
92	-508.464
93	-471.86
94	-408.656
95	-543.276
96	-495.792
97	-474.912
98	-470.932
99	-485.432
100	-460.464
101	-420.172
102	-436.824
103	-442.46
104	-464.588
105	-462.08
106	-529.052
107	-520.196
108	-453.892
109	-449.352
110	-469.436
111	-506.928
112	-515.128
113	-488.184
114	-499.212
115	-483.964
116	-430.028
117	-496.684
118	-520.568
119	-493.468
120	-425.5
121	-422.672
122	-511.496
123	-515.584
124	-572.88
125	-492.368
126	-444.328
127	-430.812
128	-421.948
129	-489.86
130	-503.644
131	-474.992
132	-514.592
133	-578.212
134	-540.472
135	-496.816
136	-421.472
137	-457.592
138	-497.796
139	-539.032
140	-544.156
141	-535.512
142	-518.616
143	-497.744
144	-483.344
145	-570.22
146	-518.8
147	-462.1
148	-497.456
149	-475.972
150	-389.28
151	-415.24
152	-475.088
153	-542.16
154	-571.18
155	-518.032
156	-471.52
157	-497.924
158	-556.072
159	-578.996
160	-556.856
161	-459.84
162	-441.92
163	-439.344
164	-496.592
165	-439.628
166	-473.612
167	-457.424
168	-457.104
169	-500.84
170	-440.676
171	-406.308
172	-434.444
173	-481.676
174	-475.376
175	-475.248
176	-527.26
177	-539.976
178	-536.072
179	-499.7
180	-477.96
181	-428.428
182	-398.488
183	-445.3
184	-435.56
185	-475.896
186	-470.032
187	-485.424
188	-423.012
189	-462.468
190	-481.344
191	-545.452
192	-560.864
193	-489.944
194	-475.836
195	-513.068
196	-464.952
197	-445.632
198	-460.64
199	-442.032
200	-443.568


51	-519.74
52	-441.34
53	-452.3
54	-485.656
55	-390.792
56	-467.588
57	-451.468
58	-400.092
59	-407.22
60	-441.596
61	-471.364
62	-513.776
63	-468.172
64	-492.044
65	-511.268
66	-485.76
67	-494.288
68	-503.288
69	-378.668
70	-417.724
71	-432.508
72	-448.744
73	-488.692
74	-545.488
75	-563.44
76	-523.788
77	-483.648
78	-472.904
79	-418.192
80	-493.1
81	-433.18
82	-415.204
83	-494.016
84	-491.644
85	-439.512
86	-492.192
87	-430.604
88	-412.412
89	-434.732
90	-428.324
91	-461.084
92	-420.268
93	-448.284
94	-436.584
95	-405.14
96	-423.312
97	-417.332
98	-508.288
99	-450.424
100	-416.864
101	-494.368
102	-480.444
103	-460.584
104	-418.912
105	-460.932
106	-449.288
107	-423.88
108	-432.988
109	-409.348
110	-407.056
111	-446.3
112	-446.7
113	-485.736
114	-567.176
115	-557.068
116	-515.052
117	-489.208
118	-428.556
119	-425.296
120	-534.824
121	-512.176
122	-525.668
123	-488.864
124	-488.288
125	-469.344
126	-430.252
127	-440.22
128	-450.792
129	-445.148
130	-408.488
131	-407.148
132	-437.296
133	-428.82
134	-457.732
135	-427.836
136	-400.516
137	-410.292
138	-489.936
139	-478.812
140	-439.38
141	-449.564
142	-491.016
143	-502.668
144	-471.66
145	-497.752
146	-526.804
147	-444.512
148	-453.076
149	-527.356
150	-502.7
151	-463.232
152	-475.376
153	-469.06
154	-429.456
155	-469.46
156	-507.772
157	-475.876
158	-432.864
159	-402.568
160	-516.908
161	-508.756
162	-550.764
163	-461.168
164	-465.308
165	-454.42
166	-456.728
167	-453.56
168	-496.304
169	-495.84
170	-469.604
171	-482.648
172	-485.656
173	-507.812
174	-474.62
175	-423.636
176	-414.812
177	-432.52
178	-418.728
179	-429.472
180	-450.624
181	-418.356
182	-437.368
183	-503.36
184	-467.32
185	-437.36
186	-481.724
187	-508.048
188	-629.652
189	-583.24
190	-510.612
191	-430.504
192	-464.104
193	-478.192
194	-430.12
195	-454.988
196	-445.94
197	-450.852
198	-403.576
199	-442.212
200	-432.96


51	-471.048
52	-485.724
53	-421.792
54	-426.928
55	-479.564
56	-434.76
57	-411.16
58	-397.78
59	-476.996
60	-381.024
61	-376.716
62	-454.556
63	-488.844
64	-440.128
65	-450.028
66	-417.104
67	-437.812
68	-408.056
69	-425.208
70	-435.892
71	-427.592
72	-423.608
73	-433.228
74	-489.792
75	-434.412
76	-439.768
77	-399.24
78	-460.52
79	-482.632
80	-417.692
81	-405.804
82	-457.412
83	-461.296
84	-463.096
85	-451.944
86	-468.008
87	-489.832
88	-508.456
89	-481.448
90	-379.684
91	-411.868
92	-483.368
93	-472.916
94	-415.896
95	-430.792
96	-452.944
97	-423.488
98	-520.124
99	-538.3
100	-525.78
101	-494.052
102	-405.34
103	-428.536
104	-453.096
105	-447.896
106	-466.584
107	-519.22
108	-539.76
109	-463.284
110	-451.984
111	-456.896
112	-450.46
113	-410.564
114	-483.428
115	-475.96
116	-458.796
117	-410.7
118	-470.004
119	-439.172
120	-428.452
121	-373.156
122	-471.972
123	-450.86
124	-408.948
125	-423.672
126	-518.552
127	-413.68
128	-445.112
129	-474.024
130	-433.484
131	-422.416
132	-438.324
133	-442.208
134	-469.36
135	-524.08
136	-484.996
137	-503.72
138	-467.62
139	-409.324
140	-437.848
141	-461.324
142	-455.884
143	-427.98
144	-540.524
145	-447.668
146	-408.48
147	-421.188
148	-408.668
149	-363.508
150	-407.024
151	-461.36
152	-503.62
153	-428.444
154	-490.064
155	-518.628
156	-415.768
157	-323.476
158	-435.184
159	-450.6
160	-487.368
161	-455.648
162	-473.98
163	-424.92
164	-414.744
165	-454.652
166	-488.272
167	-440.74
168	-482.388
169	-531.86
170	-471.124
171	-509.664
172	-450.892
173	-441.748
174	-482.56
175	-412.02
176	-422.088
177	-454.572
178	-465.296
179	-463.032
180	-424.288
181	-433.608
182	-467.312
183	-480.484
184	-408.328
185	-483.604
186	-452.492
187	-487.372
188	-458.368
189	-411.244
190	-414.456
191	-422.2
192	-436.432
193	-446.16
194	-436.456
195	-477.276
196	-501.396
197	-487.22
198	-540.536
199	-554.064
200	-494.964


51	-478.58
52	-382.648
53	-407.932
54	-473.032
55	-406.788
56	-348.328
57	-399.712
58	-402.172
59	-437.032
60	-448.228
61	-439.568
62	-440.056
63	-468.224
64	-457.508
65	-439.864
66	-396.728
67	-421.084
68	-381.084
69	-426.228
70	-506.108
71	-495.748
72	-488.72
73	-487.296
74	-424.64
75	-419.056
76	-440.412
77	-439.504
78	-403.916
79	-464.4
80	-423.352
81	-449.996
82	-414.288
83	-433.956
84	-440.84
85	-454.12
86	-462.576
87	-462.276
88	-439.156
89	-472.18
90	-534.004
91	-507.16
92	-514.128
93	-469.52
94	-386.272
95	-402.896
96	-488.8
97	-434.1
98	-441.916
99	-481.316
100	-464.704
101	-510.644
102	-544.112
103	-532.972
104	-517.936
105	-471.428
106	-426.036
107	-474.8
108	-421.58
109	-402.72
110	-354.328
111	-443.052
112	-426.396
113	-434.1
114	-392.28
115	-420.968
116	-350.656
117	-382.948
118	-466.644
119	-410.5
120	-359.72
121	-451.992
122	-455.072
123	-435.7
124	-458.064
125	-378.596
126	-357.636
127	-465.016
128	-444.628
129	-513.04
130	-423.812
131	-407.632
132	-341.452
133	-387.888
134	-426.348
135	-458.292
136	-454.144
137	-412.096
138	-460.32
139	-440.464
140	-474.452
141	-475.68
142	-480.112
143	-439.896
144	-425.284
145	-432.272
146	-524.328
147	-486.976
148	-458.14
149	-436.26
150	-438.992
151	-465.26
152	-417.844
153	-446.604
154	-414.332
155	-434.444
156	-461.788
157	-400.616
158	-379.14
159	-417.58
160	-404.716
161	-406.296
162	-443.024
163	-476.856
164	-451.352
165	-499.652
166	-482.004
167	-405.412
168	-485.092
169	-471.432
170	-467.044
171	-456.924
172	-487.832
173	-414.768
174	-409.604
175	-459.88
176	-471.82
177	-469.324
178	-470.388
179	-470.04
180	-424.372
181	-369.74
182	-404.248
183	-471.8
184	-433.228
185	-408.816
186	-421.124
187	-440.092
188	-466.848
189	-503.156
190	-559.972
191	-445.82
192	-486.388
193	-463.288
194	-447.62
195	-400.6
196	-446.532
197	-464.72
198	-404.0
199	-466.804
200	-453.18


51	-494.652
52	-417.504
53	-415.636
54	-403.368
55	-439.424
56	-489.572
57	-451.408
58	-447.816
59	-373.452
60	-421.084
61	-428.64
62	-381.344
63	-378.036
64	-441.572
65	-455.608
66	-410.036
67	-397.804
68	-405.376
69	-466.272
70	-491.044
71	-441.196
72	-359.352
73	-351.448
74	-454.332
75	-474.06
76	-428.088
77	-504.256
78	-420.492
79	-365.364
80	-414.128
81	-355.192
82	-422.072
83	-466.068
84	-452.568
85	-422.9
86	-448.8
87	-422.808
88	-379.136
89	-430.46
90	-424.044
91	-423.2
92	-408.38
93	-439.836
94	-426.568
95	-465.972
96	-456.168
97	-410.68
98	-432.68
99	-428.24
100	-429.708
101	-388.772
102	-442.428
103	-418.076
104	-394.044
105	-421.868
106	-422.812
107	-414.024
108	-422.376
109	-374.844
110	-407.284
111	-377.768
112	-478.964
113	-482.264
114	-441.236
115	-478.724
116	-487.772
117	-418.048
118	-400.324
119	-427.2
120	-417.636
121	-402.64
122	-406.044
123	-386.98
124	-449.488
125	-484.316
126	-390.3
127	-426.46
128	-411.88
129	-400.02
130	-457.424
131	-428.868
132	-382.948
133	-466.94
134	-400.404
135	-428.468
136	-393.796
137	-388.084
138	-411.508
139	-411.236
140	-457.668
141	-461.952
142	-412.548
143	-399.22
144	-433.508
145	-447.624
146	-381.004
147	-404.088
148	-391.872
149	-404.344
150	-404.012
151	-415.36
152	-428.564
153	-355.948
154	-453.512
155	-472.768
156	-409.592
157	-402.588
158	-402.928
159	-352.552
160	-395.968
161	-394.436
162	-466.496
163	-484.656
164	-443.304
165	-508.08
166	-459.004
167	-483.328
168	-518.652
169	-483.624
170	-539.176
171	-513.248
172	-471.876
173	-388.012
174	-378.684
175	-498.156
176	-402.312
177	-417.532
178	-450.7
179	-435.08
180	-416.86
181	-405.064
182	-375.892
183	-400.344
184	-425.244
185	-475.3
186	-483.432
187	-386.628
188	-461.8
189	-479.644
190	-446.704
191	-464.46
192	-433.376
193	-410.136
194	-399.188
195	-440.856
196	-416.916
197	-417.88
198	-461.24
199	-409.756
200	-388.804


